0 0.50625 0.645 0.50375 0.651 0.515 0.653 0.515 0.644 0.58125 0.589 0.61 0.57 0.66375 0.519 0.67625 0.498 0.70875 0.465 0.72625 0.438 0.7275 0.425 0.72 0.422 0.71625 0.426 0.71375 0.439 0.64875 0.521 0.64 0.525 0.625 0.543
0 0.74375 0.414 0.745 0.423 0.77625 0.39 0.77875 0.374 0.79875 0.352 0.8 0.338 0.7825 0.359 0.7675 0.39
0 0.6725 0.609 0.67 0.616 0.675 0.626 0.67125 0.63 0.67625 0.631 0.675 0.637 0.68125 0.641 0.69875 0.645 0.70625 0.642 0.7175 0.648 0.73625 0.642 0.74375 0.633 0.76125 0.626 0.7775 0.64 0.78 0.632 0.79 0.632 0.795 0.627 0.79375 0.61 0.82 0.6 0.82375 0.59 0.83125 0.592 0.8475 0.574 0.82625 0.551 0.80625 0.544 0.78875 0.546 0.735 0.564 0.715 0.562 0.70625 0.567 0.7 0.583 0.6875 0.598
0 0.63 0.378 0.6325 0.404 0.64375 0.41 0.64875 0.418 0.6975 0.422 0.70875 0.411 0.72375 0.405 0.72375 0.397 0.71625 0.39 0.71875 0.382 0.7125 0.376 0.7225 0.346 0.7125 0.341 0.68875 0.363 0.66875 0.358 0.65 0.359 0.63625 0.366
0 0.59625 0.213 0.61375 0.218 0.625 0.227 0.63125 0.24 0.63 0.254 0.6125 0.276 0.60875 0.284 0.6 0.292 0.5875 0.315 0.57375 0.325 0.56 0.329 0.53875 0.327 0.52125 0.316 0.4975 0.276 0.48875 0.269 0.48375 0.261 0.4825 0.245 0.48875 0.233 0.49875 0.225 0.50875 0.221 0.535 0.22 0.54875 0.225 0.555 0.23 0.57 0.218 0.58125 0.214 0.595 0.213
0 0.43625 0.312 0.44875 0.321 0.4525 0.327 0.455 0.333 0.45375 0.349 0.44875 0.357 0.43875 0.365 0.4175 0.371 0.39875 0.368 0.38375 0.358 0.3775 0.348 0.37625 0.334 0.38375 0.32 0.39125 0.314 0.4025 0.309 0.425 0.308 0.435 0.312
0 0.68375 0.331 0.6975 0.337 0.705 0.344 0.71125 0.357 0.71125 0.366 0.70125 0.383 0.69375 0.388 0.6775 0.393 0.66 0.392 0.64125 0.382 0.63375 0.371 0.6325 0.356 0.6375 0.345 0.65125 0.334 0.665 0.33 0.6825 0.331
0 0.215 0.383 0.22875 0.393 0.2325 0.399 0.235 0.406 0.235 0.417 0.2325 0.423 0.22875 0.429 0.215 0.439 0.175 0.449 0.155 0.447 0.1475 0.444 0.1375 0.436 0.13 0.421 0.1325 0.4 0.145 0.386 0.16 0.38 0.205 0.38 0.21375 0.383
0 0.45625 0.45 0.47125 0.461 0.47625 0.47 0.4775 0.481 0.47 0.497 0.4575 0.506 0.44125 0.51 0.42375 0.508 0.4075 0.499 0.39875 0.485 0.39875 0.472 0.405 0.46 0.415 0.452 0.425 0.448 0.44625 0.447 0.455 0.45
0 0.2025 0.46 0.215 0.464 0.2275 0.474 0.2325 0.484 0.2325 0.498 0.2275 0.508 0.22 0.515 0.2075 0.521 0.19375 0.523 0.18 0.521 0.1625 0.511 0.15625 0.502 0.15375 0.49 0.15625 0.48 0.16875 0.466 0.185 0.46 0.20125 0.46
0 0.50625 0.567 0.51875 0.571 0.52875 0.578 0.53625 0.59 0.5375 0.601 0.53 0.617 0.515 0.627 0.50125 0.63 0.48375 0.628 0.4675 0.619 0.45875 0.605 0.45875 0.592 0.465 0.58 0.475 0.572 0.48875 0.567 0.505 0.567
0 0.4225 0.615 0.43625 0.62 0.4475 0.629 0.4525 0.639 0.4525 0.654 0.4475 0.663 0.43875 0.671 0.4175 0.678 0.40375 0.677 0.38875 0.671 0.37625 0.657 0.37375 0.646 0.37625 0.635 0.3875 0.622 0.405 0.615 0.42125 0.615