0 0.67375 0.101 0.675 0.112 0.7 0.15 0.705 0.174 0.71875 0.203 0.725 0.207 0.72625 0.228 0.74875 0.279 0.7675 0.352 0.7775 0.438 0.775 0.489 0.7675 0.515 0.77125 0.52 0.785 0.484 0.78625 0.44 0.76375 0.285 0.73125 0.206 0.73125 0.186 0.71875 0.174 0.71125 0.144
0 0.36625 0.121 0.385 0.128 0.405 0.132 0.4175 0.138 0.47 0.14 0.4875 0.146 0.50125 0.157 0.50875 0.172 0.51125 0.207 0.52 0.22 0.52125 0.237 0.5125 0.255 0.4975 0.266 0.48125 0.271 0.4575 0.27 0.4375 0.261 0.41625 0.237 0.41125 0.217 0.3825 0.214 0.34875 0.199 0.33125 0.197 0.32 0.192 0.3075 0.181 0.30125 0.169 0.3 0.156 0.30875 0.137 0.32 0.128 0.33125 0.123 0.3475 0.12 0.365 0.121
0 0.84125 0.157 0.8525 0.162 0.86375 0.172 0.87 0.183 0.87125 0.199 0.86125 0.218 0.84875 0.227 0.82875 0.233 0.805 0.231 0.79125 0.225 0.7825 0.218 0.77375 0.204 0.7725 0.187 0.7775 0.175 0.795 0.16 0.815 0.154 0.82875 0.154 0.84 0.157
0 0.62875 0.226 0.64875 0.232 0.66625 0.246 0.70625 0.302 0.71125 0.324 0.71125 0.34 0.7075 0.35 0.7 0.36 0.685 0.371 0.63 0.391 0.5725 0.391 0.52125 0.38 0.5075 0.374 0.49875 0.367 0.48875 0.35 0.48875 0.335 0.49625 0.32 0.51 0.309 0.52 0.305 0.52875 0.303 0.55125 0.303 0.5925 0.312 0.59875 0.311 0.58875 0.301 0.57625 0.282 0.5725 0.272 0.57375 0.255 0.5775 0.247 0.59125 0.234 0.60875 0.227 0.6275 0.226
0 0.52 0.509 0.5425 0.516 0.555 0.526 0.5625 0.54 0.5625 0.557 0.555 0.571 0.53875 0.583 0.52125 0.588 0.5 0.587 0.485 0.581 0.4725 0.571 0.465 0.557 0.465 0.54 0.4725 0.526 0.485 0.516 0.49375 0.512 0.5075 0.509 0.51875 0.509
0 0.8425 0.642 0.87625 0.649 0.91 0.664 0.9225 0.675 0.935 0.697 0.935 0.723 0.92625 0.744 0.91125 0.765 0.91125 0.788 0.9075 0.798 0.89875 0.809 0.89 0.815 0.8775 0.82 0.865 0.822 0.8425 0.819 0.8225 0.807 0.81125 0.791 0.7925 0.771 0.785 0.757 0.785 0.732 0.7925 0.718 0.80125 0.711 0.79125 0.702 0.785 0.69 0.78625 0.669 0.79625 0.655 0.80625 0.648 0.825 0.642 0.84125 0.642
0 0.3575 0.131 0.37125 0.137 0.38125 0.147 0.385 0.156 0.385 0.167 0.37625 0.182 0.36375 0.19 0.3525 0.193 0.33375 0.192 0.32 0.186 0.30875 0.173 0.30625 0.157 0.3125 0.144 0.32375 0.135 0.33875 0.13 0.35625 0.131
0 0.24125 0.423 0.2475 0.428 0.25375 0.428 0.25625 0.426 0.27125 0.427 0.275 0.431 0.27625 0.441 0.2875 0.436 0.2975 0.436 0.3025 0.44 0.30125 0.453 0.295 0.458 0.28 0.463 0.2675 0.471 0.27125 0.48 0.26375 0.486 0.24 0.486 0.22125 0.482 0.2 0.484 0.19375 0.477 0.19375 0.462 0.1975 0.455 0.21625 0.442 0.2225 0.432 0.23375 0.423 0.24 0.423
0 0.465 0.446 0.4825 0.462 0.4825 0.474 0.47375 0.487 0.4575 0.5 0.43 0.5 0.41625 0.496 0.41 0.488 0.41125 0.469 0.40625 0.464 0.40625 0.46 0.4125 0.455 0.42125 0.455 0.43 0.447 0.4375 0.447 0.44125 0.445 0.46375 0.446
0 0.08875 0.48 0.1 0.485 0.11 0.494 0.115 0.505 0.115 0.516 0.10375 0.533 0.09 0.54 0.08 0.542 0.06125 0.54 0.0425 0.528 0.03625 0.515 0.03625 0.505 0.04375 0.491 0.055 0.483 0.0675 0.479 0.0875 0.48
0 0.85875 0.666 0.8725 0.67 0.8825 0.677 0.89 0.688 0.89125 0.702 0.88875 0.709 0.88 0.72 0.87375 0.724 0.8575 0.729 0.84625 0.729 0.83 0.724 0.81875 0.715 0.8125 0.703 0.8125 0.692 0.82 0.678 0.83625 0.668 0.84375 0.666 0.8575 0.666