0 0.60125 0.039 0.61 0.047 0.61125 0.056 0.60875 0.061 0.5975 0.068 0.58625 0.068 0.58125 0.066 0.5725 0.057 0.5725 0.049 0.57625 0.043 0.585 0.038 0.595 0.037 0.6 0.039
0 0.55375 0.081 0.57375 0.088 0.59375 0.102 0.60625 0.119 0.6125 0.143 0.6225 0.136 0.6425 0.13 0.6575 0.13 0.67875 0.137 0.69 0.146 0.69625 0.155 0.69875 0.162 0.6975 0.181 0.69 0.193 0.67875 0.202 0.6575 0.209 0.63625 0.208 0.6225 0.203 0.60625 0.189 0.6 0.175 0.585 0.19 0.56 0.202 0.53875 0.206 0.525 0.206 0.50375 0.202 0.50375 0.204 0.51625 0.211 0.52625 0.224 0.52875 0.231 0.52875 0.246 0.5225 0.259 0.51 0.27 0.49625 0.276 0.485 0.278 0.46 0.275 0.445 0.267 0.435 0.256 0.43 0.242 0.43375 0.223 0.44875 0.207 0.45875 0.202 0.47125 0.199 0.495 0.199 0.47125 0.184 0.4575 0.166 0.4525 0.151 0.4525 0.134 0.455 0.125 0.46875 0.103 0.49375 0.086 0.52125 0.079 0.5425 0.079 0.5525 0.081
0 0.665 0.095 0.67375 0.102 0.675 0.113 0.6725 0.117 0.66125 0.124 0.65 0.124 0.645 0.122 0.6375 0.115 0.63625 0.106 0.64375 0.096 0.6525 0.093 0.66375 0.095
0 0.41375 0.113 0.43 0.123 0.4375 0.133 0.44125 0.144 0.44 0.159 0.41875 0.203 0.42125 0.214 0.42125 0.256 0.415 0.276 0.40875 0.284 0.39375 0.294 0.3725 0.299 0.35875 0.298 0.34 0.291 0.33 0.283 0.3225 0.272 0.32 0.263 0.32 0.247 0.3225 0.241 0.3225 0.226 0.32 0.22 0.32125 0.184 0.335 0.16 0.345 0.135 0.3525 0.124 0.36 0.118 0.3725 0.112 0.38625 0.109 0.3975 0.109 0.4125 0.113
0 0.6375 0.234 0.655 0.239 0.67 0.25 0.67875 0.266 0.67875 0.281 0.6725 0.294 0.65875 0.306 0.63625 0.313 0.6125 0.311 0.5975 0.304 0.58625 0.293 0.58 0.277 0.58375 0.258 0.5975 0.243 0.61625 0.235 0.63625 0.234
0 0.51375 0.325 0.5325 0.33 0.54125 0.335 0.55125 0.345 0.5575 0.361 0.555 0.379 0.54875 0.389 0.53875 0.398 0.52875 0.404 0.49375 0.417 0.4375 0.458 0.4125 0.479 0.4125 0.5 0.4175 0.516 0.4175 0.533 0.41375 0.545 0.40875 0.552 0.3975 0.562 0.38125 0.571 0.34125 0.583 0.305 0.583 0.2925 0.58 0.28375 0.575 0.28 0.587 0.27375 0.596 0.265 0.624 0.26625 0.627 0.28 0.615 0.3 0.605 0.31625 0.601 0.33875 0.6 0.36 0.604 0.37875 0.612 0.39125 0.621 0.40375 0.636 0.41 0.651 0.41125 0.67 0.40875 0.681 0.4 0.697 0.38125 0.714 0.36125 0.723 0.34375 0.727 0.32 0.727 0.305 0.724 0.2875 0.717 0.26875 0.703 0.26 0.692 0.25375 0.678 0.2525 0.655 0.25625 0.645 0.255 0.642 0.24625 0.649 0.2325 0.655 0.2075 0.657 0.185 0.65 0.1725 0.64 0.1675 0.632 0.16375 0.618 0.165 0.607 0.185 0.561 0.18875 0.543 0.195 0.529 0.195 0.522 0.2025 0.509 0.205 0.498 0.21625 0.483 0.21875 0.473 0.23125 0.452 0.24625 0.438 0.26 0.432 0.26375 0.413 0.2725 0.402 0.28125 0.396 0.2975 0.39 0.32375 0.388 0.3375 0.381 0.39625 0.36 0.4075 0.352 0.44875 0.332 0.48625 0.325 0.5125 0.325
0 0.6275 0.388 0.655 0.399 0.67375 0.416 0.68375 0.436 0.685 0.458 0.68 0.473 0.67375 0.483 0.65625 0.499 0.6375 0.508 0.61375 0.513 0.5975 0.513 0.58 0.51 0.55375 0.498 0.54125 0.487 0.5325 0.475 0.52625 0.456 0.52625 0.443 0.53 0.429 0.53625 0.418 0.54375 0.409 0.56 0.397 0.57625 0.39 0.595 0.386 0.61625 0.386 0.62625 0.388
0 0.8425 0.397 0.86625 0.405 0.88 0.418 0.885 0.43 0.885 0.443 0.87625 0.46 0.86125 0.471 0.84375 0.476 0.8225 0.475 0.805 0.468 0.79375 0.458 0.78625 0.441 0.7875 0.427 0.7975 0.411 0.81625 0.4 0.83 0.397 0.84125 0.397
0 0.1625 0.427 0.17875 0.433 0.1925 0.445 0.19875 0.458 0.19875 0.473 0.1925 0.486 0.18 0.497 0.1725 0.501 0.15625 0.505 0.1375 0.504 0.1175 0.496 0.10375 0.481 0.1 0.462 0.1075 0.444 0.11875 0.434 0.14125 0.426 0.16125 0.427
0 0.4875 0.475 0.5 0.476 0.51375 0.48 0.53625 0.495 0.5525 0.517 0.55625 0.531 0.565 0.544 0.5875 0.538 0.64 0.538 0.6675 0.544 0.705 0.559 0.72 0.572 0.72875 0.589 0.7275 0.611 0.72125 0.622 0.71125 0.631 0.68 0.644 0.64875 0.649 0.62875 0.657 0.61375 0.669 0.5975 0.677 0.5775 0.679 0.56 0.712 0.5475 0.723 0.5275 0.73 0.50125 0.731 0.52875 0.736 0.5475 0.745 0.56625 0.762 0.57375 0.775 0.5775 0.79 0.575 0.811 0.57125 0.82 0.56 0.835 0.53625 0.851 0.51 0.858 0.47875 0.857 0.455 0.849 0.4375 0.837 0.42875 0.827 0.41875 0.804 0.42 0.78 0.42375 0.771 0.43625 0.754 0.46125 0.738 0.4775 0.733 0.49375 0.731 0.4925 0.729 0.4825 0.727 0.46125 0.726 0.44625 0.72 0.43125 0.708 0.42375 0.697 0.42 0.685 0.42125 0.669 0.42875 0.644 0.41875 0.615 0.41875 0.6 0.42375 0.589 0.4375 0.576 0.4375 0.505 0.445 0.492 0.4575 0.482 0.475 0.476 0.48625 0.475
0 0.82625 0.503 0.85625 0.512 0.875 0.525 0.88875 0.544 0.89375 0.568 0.8875 0.591 0.87625 0.606 0.85875 0.619 0.8375 0.627 0.85875 0.642 0.87 0.658 0.875 0.673 0.875 0.69 0.87 0.705 0.86125 0.718 0.84625 0.731 0.8275 0.74 0.80375 0.745 0.775 0.743 0.75875 0.738 0.7425 0.729 0.73125 0.719 0.72125 0.704 0.71625 0.688 0.71625 0.675 0.7225 0.656 0.73375 0.641 0.75 0.629 0.77125 0.62 0.7475 0.602 0.74125 0.593 0.735 0.577 0.735 0.556 0.7375 0.547 0.74625 0.532 0.76125 0.518 0.78375 0.507 0.80125 0.503 0.825 0.503