0 0.3975 0.23 0.40625 0.234 0.41875 0.247 0.42125 0.255 0.42 0.271 0.4125 0.285 0.39875 0.296 0.39125 0.32 0.39 0.348 0.3825 0.362 0.36375 0.377 0.365 0.393 0.3625 0.399 0.35875 0.405 0.34875 0.413 0.3275 0.419 0.31625 0.418 0.2975 0.41 0.29 0.41 0.27875 0.406 0.26375 0.393 0.26 0.382 0.26 0.369 0.265 0.357 0.28 0.345 0.3 0.341 0.30875 0.331 0.28125 0.311 0.27375 0.298 0.26125 0.288 0.25625 0.277 0.2575 0.263 0.26375 0.253 0.2725 0.246 0.28625 0.241 0.34125 0.241 0.34875 0.24 0.35875 0.233 0.3725 0.228 0.39125 0.228 0.39625 0.23
0 0.16125 0.3 0.17625 0.312 0.18 0.319 0.18125 0.332 0.17375 0.347 0.1625 0.355 0.15 0.359 0.13375 0.359 0.11875 0.354 0.105 0.34 0.1025 0.334 0.1025 0.322 0.1125 0.306 0.1275 0.298 0.145 0.296 0.16 0.3
0 0.1475 0.383 0.1625 0.388 0.1775 0.402 0.1825 0.412 0.1875 0.436 0.19875 0.461 0.19875 0.489 0.19375 0.533 0.195 0.556 0.18875 0.57 0.15875 0.615 0.14625 0.624 0.1325 0.628 0.11625 0.628 0.10125 0.623 0.08875 0.612 0.0825 0.592 0.075 0.581 0.06625 0.574 0.05625 0.57 0.04625 0.56 0.03875 0.546 0.03875 0.535 0.03625 0.529 0.03625 0.494 0.04125 0.473 0.04625 0.464 0.0575 0.455 0.0725 0.45 0.06625 0.437 0.06625 0.427 0.0725 0.414 0.085 0.404 0.115 0.387 0.1275 0.383 0.14625 0.383
0 0.5025 0.388 0.515 0.392 0.5275 0.402 0.54 0.425 0.5475 0.445 0.54625 0.459 0.53875 0.471 0.52875 0.478 0.50875 0.483 0.48875 0.479 0.475 0.469 0.4575 0.433 0.45375 0.419 0.45625 0.408 0.4675 0.395 0.48 0.389 0.50125 0.388
0 0.28 0.435 0.29 0.439 0.30125 0.448 0.30625 0.457 0.3075 0.468 0.305 0.477 0.3 0.484 0.2875 0.493 0.27375 0.497 0.2525 0.495 0.23625 0.485 0.22875 0.472 0.22875 0.459 0.23625 0.446 0.2475 0.438 0.26125 0.434 0.27875 0.435
0 0.39625 0.438 0.41125 0.444 0.42125 0.454 0.425 0.463 0.425 0.474 0.4175 0.488 0.40625 0.496 0.3925 0.5 0.37375 0.499 0.36 0.493 0.3475 0.478 0.34625 0.464 0.3525 0.451 0.36375 0.442 0.38 0.437 0.395 0.438
0 0.24625 0.583 0.25875 0.587 0.26875 0.594 0.27625 0.606 0.2775 0.617 0.27 0.633 0.26125 0.64 0.24375 0.646 0.25125 0.659 0.25125 0.668 0.2475 0.678 0.23625 0.689 0.22 0.695 0.20375 0.695 0.1875 0.689 0.175 0.676 0.1725 0.67 0.1725 0.658 0.17625 0.649 0.1825 0.642 0.19 0.637 0.205 0.632 0.19875 0.621 0.19875 0.607 0.205 0.596 0.22125 0.585 0.22875 0.583 0.245 0.583
0 0.77 0.621 0.7875 0.627 0.8 0.638 0.805 0.648 0.805 0.656 0.81125 0.667 0.8125 0.676 0.8175 0.684 0.8275 0.689 0.8375 0.699 0.84125 0.709 0.84125 0.718 0.83875 0.725 0.83 0.736 0.82375 0.74 0.8075 0.745 0.78375 0.743 0.76375 0.733 0.75625 0.751 0.74375 0.76 0.73 0.764 0.7175 0.764 0.70375 0.76 0.69125 0.751 0.68625 0.743 0.685 0.684 0.6925 0.667 0.71 0.649 0.74375 0.625 0.7575 0.621 0.76875 0.621
0 0.9625 0.638 0.99125 0.648 0.99875 0.653 0.99875 0.703 0.9775 0.71 0.95375 0.708 0.9275 0.733 0.90875 0.74 0.88625 0.738 0.87125 0.729 0.8625 0.714 0.8625 0.703 0.86625 0.694 0.87125 0.687 0.905 0.656 0.9175 0.647 0.94 0.638 0.96125 0.638
0 0.4625 0.717 0.48125 0.724 0.49 0.732 0.495 0.743 0.495 0.754 0.49 0.765 0.48125 0.773 0.4625 0.78 0.44375 0.779 0.43 0.773 0.4225 0.766 0.41625 0.753 0.4175 0.74 0.42625 0.727 0.44375 0.718 0.46125 0.717
0 0.54875 0.806 0.56 0.81 0.57125 0.819 0.575 0.827 0.59 0.839 0.62375 0.842 0.6375 0.847 0.67375 0.854 0.68875 0.861 0.70375 0.865 0.71875 0.877 0.72375 0.892 0.72375 0.909 0.72125 0.917 0.72125 0.934 0.715 0.946 0.7125 0.961 0.70375 0.977 0.69375 0.985 0.6775 0.991 0.65875 0.991 0.6475 0.988 0.63125 0.977 0.6225 0.964 0.57375 0.944 0.5425 0.927 0.52 0.908 0.5025 0.879 0.48375 0.86 0.4725 0.839 0.4725 0.828 0.48 0.814 0.49125 0.806 0.50375 0.802 0.52 0.802 0.52875 0.805 0.5475 0.806