0 0.77 0.226 0.78375 0.23 0.79625 0.239 0.80375 0.257 0.8025 0.265 0.79625 0.276 0.78375 0.285 0.77 0.289 0.7575 0.289 0.74375 0.285 0.73125 0.276 0.725 0.265 0.725 0.25 0.73125 0.239 0.74875 0.228 0.76875 0.226
0 0.38625 0.298 0.40125 0.309 0.40625 0.318 0.4075 0.329 0.4 0.345 0.3875 0.354 0.3725 0.358 0.35375 0.356 0.3375 0.347 0.32875 0.333 0.32875 0.32 0.335 0.308 0.345 0.3 0.355 0.296 0.37625 0.295 0.385 0.298
0 0.2125 0.35 0.22375 0.354 0.235 0.363 0.24125 0.376 0.24125 0.385 0.2325 0.401 0.22 0.409 0.20875 0.412 0.195 0.412 0.1775 0.406 0.165 0.393 0.1625 0.375 0.16625 0.366 0.18 0.354 0.19625 0.349 0.21125 0.35
0 0.4925 0.37 0.51 0.376 0.5225 0.389 0.525 0.396 0.52375 0.424 0.53125 0.446 0.53125 0.46 0.525 0.474 0.515 0.484 0.50875 0.496 0.5 0.503 0.4925 0.516 0.4825 0.523 0.47 0.527 0.44875 0.526 0.4325 0.517 0.42 0.513 0.40875 0.504 0.4025 0.492 0.4025 0.477 0.41 0.464 0.4025 0.45 0.4025 0.437 0.40875 0.42 0.41625 0.411 0.42 0.4 0.44125 0.379 0.4625 0.37 0.49125 0.37
0 0.76375 0.381 0.80875 0.392 0.825 0.398 0.8675 0.404 0.885 0.41 0.9125 0.415 0.92625 0.421 0.9425 0.423 0.95 0.426 0.9625 0.436 0.96875 0.447 0.96875 0.463 0.9625 0.474 0.94375 0.489 0.96375 0.493 0.98 0.502 0.98875 0.516 0.98875 0.53 0.97875 0.545 0.97125 0.55 0.95875 0.554 0.93625 0.554 0.925 0.552 0.9025 0.545 0.88375 0.534 0.81875 0.537 0.7875 0.533 0.76875 0.527 0.7575 0.527 0.74125 0.521 0.72875 0.519 0.715 0.513 0.69125 0.508 0.67125 0.5 0.64875 0.495 0.62375 0.485 0.595 0.469 0.57125 0.461 0.5575 0.459 0.54 0.45 0.53125 0.437 0.53125 0.42 0.5375 0.41 0.54625 0.403 0.5625 0.396 0.57125 0.394 0.62125 0.394 0.6525 0.403 0.67875 0.421 0.69375 0.409 0.70875 0.404 0.715 0.404 0.7225 0.393 0.73375 0.385 0.74875 0.381 0.7625 0.381
0 0.0825 0.4 0.0925 0.404 0.11875 0.423 0.1275 0.436 0.135 0.462 0.135 0.495 0.12875 0.528 0.1225 0.538 0.1125 0.546 0.1 0.553 0.08875 0.556 0.07125 0.556 0.0625 0.554 0.04625 0.544 0.03875 0.546 0.01875 0.546 0 0.538 0 0.443 0.0225 0.415 0.04125 0.403 0.05375 0.399 0.08125 0.4
0 0.3325 0.406 0.34375 0.41 0.355 0.419 0.36125 0.432 0.36125 0.441 0.3525 0.457 0.34 0.465 0.32875 0.468 0.315 0.468 0.2975 0.462 0.285 0.449 0.2825 0.431 0.28625 0.422 0.3 0.41 0.31625 0.405 0.33125 0.406
0 0.61375 0.499 0.63875 0.503 0.65 0.509 0.66875 0.515 0.69125 0.531 0.72875 0.543 0.75375 0.554 0.78875 0.563 0.79875 0.57 0.80625 0.582 0.8075 0.593 0.8025 0.606 0.79125 0.616 0.7775 0.621 0.75125 0.621 0.7375 0.615 0.72875 0.614 0.70125 0.602 0.7 0.604 0.705 0.613 0.705 0.626 0.7025 0.633 0.69 0.646 0.6725 0.652 0.6475 0.652 0.62125 0.644 0.5975 0.627 0.58125 0.605 0.5725 0.565 0.5725 0.525 0.57875 0.513 0.58875 0.505 0.6025 0.5 0.6125 0.499
0 0.4975 0.538 0.51375 0.544 0.52375 0.553 0.5275 0.559 0.52875 0.57 0.53875 0.597 0.545 0.608 0.54875 0.635 0.54875 0.675 0.56125 0.723 0.56125 0.751 0.56875 0.771 0.57125 0.882 0.57375 0.891 0.57125 0.902 0.56375 0.912 0.5525 0.919 0.5425 0.922 0.51875 0.921 0.50875 0.917 0.49 0.902 0.47625 0.906 0.45875 0.906 0.445 0.901 0.4325 0.891 0.425 0.878 0.425 0.853 0.415 0.824 0.4 0.821 0.3875 0.815 0.37625 0.808 0.34875 0.784 0.3275 0.775 0.31625 0.766 0.3125 0.76 0.30625 0.739 0.30625 0.681 0.30875 0.674 0.32875 0.65 0.3675 0.621 0.35875 0.615 0.3525 0.606 0.35 0.589 0.35625 0.573 0.37 0.555 0.37875 0.548 0.39375 0.543 0.4175 0.543 0.44625 0.539 0.46625 0.544 0.4775 0.539 0.49625 0.538
0 0.885 0.547 0.90875 0.55 0.925 0.561 0.94875 0.57 0.9625 0.584 0.965 0.591 0.965 0.606 0.9625 0.612 0.95 0.625 0.93375 0.631 0.9175 0.631 0.89625 0.622 0.84125 0.622 0.83125 0.618 0.8175 0.605 0.815 0.599 0.815 0.581 0.82125 0.57 0.8325 0.561 0.8475 0.555 0.88375 0.547
0 0.285 0.568 0.3025 0.578 0.31125 0.594 0.30875 0.61 0.295 0.63 0.295 0.64 0.29875 0.649 0.29875 0.685 0.29625 0.701 0.28875 0.718 0.2875 0.727 0.275 0.75 0.26625 0.758 0.25 0.766 0.21375 0.798 0.18125 0.809 0.1625 0.809 0.14625 0.805 0.1375 0.801 0.12375 0.79 0.1175 0.78 0.1075 0.78 0.09125 0.775 0.08125 0.767 0.075 0.756 0.07375 0.746 0.07625 0.736 0.10125 0.686 0.1125 0.676 0.12375 0.655 0.1425 0.636 0.16875 0.617 0.19125 0.607 0.2 0.605 0.2225 0.605 0.2325 0.588 0.24875 0.572 0.26375 0.567 0.28375 0.568