0 0.355 0.155 0.3725 0.16 0.39 0.171 0.4075 0.164 0.42625 0.164 0.43625 0.166 0.45875 0.174 0.475 0.187 0.48375 0.199 0.495 0.222 0.50375 0.231 0.5075 0.242 0.5075 0.253 0.5 0.268 0.49 0.276 0.47375 0.281 0.46125 0.281 0.4475 0.277 0.42125 0.257 0.37875 0.27 0.33875 0.27 0.32625 0.267 0.305 0.254 0.29125 0.249 0.28125 0.239 0.25375 0.219 0.2475 0.209 0.24625 0.195 0.25125 0.184 0.2625 0.174 0.27625 0.169 0.29875 0.168 0.32625 0.155 0.35375 0.155
0 0.215 0.207 0.23375 0.214 0.245 0.227 0.2475 0.236 0.245 0.247 0.2475 0.258 0.24625 0.266 0.295 0.284 0.3125 0.301 0.315 0.308 0.315 0.321 0.30875 0.333 0.295 0.343 0.2775 0.347 0.25625 0.347 0.2475 0.359 0.23125 0.398 0.2175 0.409 0.2 0.414 0.1775 0.412 0.165 0.406 0.15875 0.4 0.1525 0.388 0.1525 0.372 0.15625 0.364 0.155 0.356 0.13375 0.341 0.12625 0.331 0.12375 0.317 0.1275 0.305 0.13625 0.295 0.15125 0.288 0.1225 0.287 0.10125 0.279 0.0875 0.266 0.08375 0.247 0.08625 0.237 0.0925 0.228 0.09875 0.223 0.115 0.216 0.13 0.215 0.14875 0.21 0.18875 0.211 0.2 0.207 0.21375 0.207
0 0.69375 0.235 0.7075 0.241 0.715 0.248 0.72125 0.261 0.72125 0.27 0.71125 0.287 0.70375 0.292 0.6875 0.297 0.67 0.296 0.65125 0.286 0.64375 0.275 0.6425 0.26 0.6475 0.249 0.66375 0.237 0.675 0.234 0.6925 0.235
0 0.775 0.261 0.7875 0.264 0.80375 0.276 0.80875 0.286 0.8075 0.306 0.81625 0.303 0.84 0.305 0.85125 0.311 0.86 0.321 0.86375 0.335 0.8575 0.351 0.8475 0.36 0.82875 0.366 0.80625 0.363 0.7925 0.354 0.785 0.342 0.78625 0.321 0.7775 0.324 0.7575 0.323 0.7425 0.316 0.7325 0.304 0.73 0.29 0.7375 0.274 0.755 0.263 0.77375 0.261
0 0.39875 0.293 0.41375 0.306 0.4175 0.317 0.4175 0.329 0.41125 0.344 0.39625 0.357 0.39875 0.364 0.39875 0.378 0.395 0.386 0.38875 0.393 0.37125 0.403 0.36 0.414 0.35 0.418 0.3375 0.432 0.3225 0.444 0.30625 0.452 0.29625 0.454 0.285 0.454 0.26625 0.448 0.255 0.438 0.25 0.425 0.25125 0.408 0.25875 0.391 0.275 0.365 0.3125 0.337 0.3225 0.327 0.32625 0.32 0.34125 0.309 0.34375 0.303 0.35625 0.293 0.375 0.288 0.3875 0.289 0.3975 0.293
0 0.71375 0.374 0.7225 0.378 0.73125 0.386 0.73625 0.395 0.7375 0.406 0.73375 0.417 0.7225 0.428 0.71125 0.433 0.69875 0.435 0.68125 0.432 0.66875 0.425 0.65875 0.41 0.65875 0.397 0.665 0.385 0.67875 0.375 0.68875 0.372 0.7075 0.372 0.7125 0.374
0 0.89 0.387 0.90625 0.395 0.92625 0.394 0.94375 0.4 0.9525 0.407 0.9575 0.415 0.9575 0.436 0.95125 0.445 0.94375 0.451 0.90375 0.47 0.8875 0.482 0.86625 0.505 0.83125 0.521 0.80125 0.53 0.77625 0.53 0.7625 0.525 0.75375 0.518 0.74625 0.503 0.74625 0.485 0.74875 0.478 0.78875 0.43 0.8075 0.415 0.84125 0.405 0.84625 0.398 0.8625 0.388 0.87125 0.386 0.88875 0.387
0 0.56375 0.416 0.585 0.423 0.59375 0.431 0.59875 0.444 0.625 0.454 0.63375 0.461 0.64 0.471 0.64125 0.484 0.63375 0.499 0.62625 0.505 0.615 0.51 0.5975 0.513 0.55375 0.513 0.54 0.509 0.52125 0.495 0.51125 0.478 0.50875 0.47 0.50875 0.451 0.51375 0.441 0.54 0.42 0.5625 0.416
0 0.4375 0.44 0.45875 0.447 0.4675 0.455 0.4725 0.464 0.4725 0.479 0.46875 0.487 0.46125 0.495 0.4425 0.503 0.425 0.503 0.40625 0.495 0.3975 0.485 0.39375 0.472 0.39625 0.461 0.40875 0.447 0.42375 0.441 0.43625 0.44
0 0.325 0.526 0.33125 0.528 0.35625 0.528 0.36375 0.53 0.39125 0.53 0.41 0.537 0.42375 0.533 0.445 0.535 0.45375 0.539 0.46625 0.552 0.46875 0.558 0.4675 0.575 0.46125 0.584 0.45375 0.59 0.43625 0.596 0.4225 0.596 0.40875 0.591 0.3975 0.594 0.37875 0.594 0.30875 0.59 0.3 0.6 0.2775 0.61 0.25875 0.61 0.24875 0.607 0.23875 0.601 0.22875 0.586 0.22875 0.572 0.23125 0.566 0.2425 0.554 0.24875 0.543 0.265 0.531 0.28375 0.525 0.32375 0.526
0 0.6675 0.539 0.68 0.544 0.69 0.553 0.695 0.564 0.695 0.583 0.7025 0.583 0.72875 0.592 0.7475 0.601 0.7575 0.61 0.765 0.626 0.76375 0.671 0.77875 0.673 0.79125 0.669 0.82375 0.67 0.8425 0.679 0.85875 0.692 0.8625 0.698 0.865 0.704 0.865 0.719 0.85625 0.735 0.82625 0.759 0.81375 0.765 0.78875 0.769 0.745 0.768 0.69125 0.751 0.66625 0.739 0.65 0.726 0.63375 0.704 0.62625 0.687 0.625 0.655 0.61625 0.651 0.605 0.642 0.6 0.634 0.59875 0.622 0.56875 0.622 0.5575 0.617 0.545 0.604 0.5425 0.597 0.54375 0.582 0.5525 0.57 0.56 0.565 0.64375 0.539 0.66625 0.539
0 0.295 0.624 0.33875 0.634 0.35875 0.647 0.37 0.666 0.3975 0.687 0.4025 0.696 0.4025 0.711 0.39625 0.722 0.38625 0.73 0.375 0.734 0.36875 0.744 0.34625 0.759 0.34375 0.767 0.33375 0.78 0.325 0.798 0.28125 0.832 0.26125 0.856 0.24875 0.88 0.235 0.89 0.2175 0.894 0.19875 0.891 0.18375 0.881 0.17625 0.867 0.17625 0.854 0.18375 0.837 0.20125 0.811 0.22625 0.785 0.25875 0.761 0.26875 0.741 0.26625 0.709 0.2725 0.695 0.25125 0.676 0.24375 0.664 0.2425 0.648 0.245 0.642 0.25875 0.628 0.26875 0.624 0.29375 0.624
0 0.575 0.635 0.5925 0.648 0.59625 0.656 0.5975 0.667 0.595 0.675 0.5875 0.685 0.57625 0.692 0.56625 0.695 0.55 0.695 0.535 0.69 0.525 0.682 0.52 0.674 0.51875 0.657 0.52375 0.647 0.53625 0.637 0.55375 0.632 0.5625 0.632 0.57375 0.635