0 0.3675 0 0.53625 0 0.54875 0.02 0.55375 0.038 0.565 0.051 0.56875 0.074 0.575 0.085 0.57625 0.101 0.59125 0.128 0.59 0.142 0.5825 0.153 0.57625 0.158 0.56 0.164 0.54375 0.164 0.53125 0.16 0.5175 0.15 0.50625 0.128 0.49375 0.116 0.49 0.099 0.4775 0.089 0.455 0.094 0.43875 0.094 0.41875 0.088 0.40625 0.092 0.39 0.092 0.375 0.087 0.365 0.079 0.35625 0.062 0.3575 0.045 0.3675 0.032 0.3625 0.022 0.3625 0.01 0.3675 0.001
0 0.25625 0.154 0.27375 0.16 0.28375 0.169 0.28875 0.179 0.28875 0.192 0.28125 0.205 0.27 0.213 0.25625 0.217 0.24375 0.217 0.2275 0.212 0.21625 0.203 0.21 0.189 0.2125 0.174 0.21625 0.168 0.2275 0.159 0.24375 0.154 0.255 0.154
0 0.3725 0.157 0.39125 0.161 0.4075 0.171 0.415 0.185 0.41625 0.204 0.43875 0.206 0.4525 0.211 0.4725 0.226 0.48 0.237 0.4825 0.248 0.4825 0.281 0.47125 0.308 0.46625 0.316 0.45125 0.328 0.4325 0.334 0.40875 0.334 0.3875 0.328 0.37125 0.316 0.35875 0.298 0.35375 0.3 0.3275 0.302 0.305 0.296 0.28875 0.284 0.28125 0.272 0.28125 0.235 0.28875 0.223 0.30125 0.213 0.29875 0.208 0.29875 0.195 0.30625 0.181 0.31375 0.174 0.34375 0.159 0.3525 0.157 0.37125 0.157
0 0.735 0.285 0.74125 0.287 0.76 0.287 0.7775 0.293 0.78875 0.301 0.80125 0.314 0.8125 0.335 0.81375 0.364 0.8225 0.383 0.82375 0.395 0.83125 0.414 0.8275 0.454 0.81875 0.479 0.78875 0.519 0.77875 0.526 0.7675 0.53 0.74875 0.53 0.73875 0.527 0.72875 0.521 0.7175 0.505 0.71625 0.445 0.71125 0.437 0.70625 0.412 0.70625 0.391 0.68875 0.35 0.69 0.329 0.68625 0.321 0.68625 0.312 0.6925 0.299 0.70375 0.29 0.71125 0.287 0.73375 0.285
0 0.30875 0.325 0.32375 0.338 0.32875 0.354 0.3475 0.356 0.3825 0.356 0.4 0.363 0.41125 0.376 0.4125 0.394 0.40375 0.408 0.395 0.414 0.38375 0.418 0.35 0.419 0.30625 0.416 0.30125 0.418 0.2825 0.465 0.2625 0.487 0.285 0.495 0.29625 0.507 0.30125 0.534 0.3125 0.556 0.3125 0.574 0.3075 0.583 0.29875 0.591 0.2775 0.598 0.2575 0.596 0.24125 0.586 0.2125 0.586 0.205 0.584 0.1825 0.57 0.16875 0.549 0.17 0.502 0.1575 0.492 0.14 0.468 0.13625 0.451 0.13625 0.43 0.14625 0.408 0.17625 0.377 0.18375 0.361 0.19375 0.352 0.27375 0.321 0.29125 0.32 0.3075 0.325
0 0.51625 0.338 0.53125 0.349 0.53625 0.358 0.5375 0.369 0.53 0.385 0.5175 0.394 0.5025 0.398 0.48375 0.396 0.4675 0.387 0.45875 0.373 0.45875 0.36 0.465 0.348 0.475 0.34 0.485 0.336 0.50625 0.335 0.515 0.338
0 0.58375 0.398 0.6175 0.412 0.645 0.436 0.65375 0.449 0.655 0.47 0.65 0.482 0.64 0.495 0.65625 0.501 0.66875 0.514 0.67125 0.531 0.665 0.544 0.64875 0.557 0.62625 0.568 0.585 0.577 0.565 0.586 0.5425 0.592 0.5375 0.596 0.53125 0.608 0.52375 0.614 0.50625 0.62 0.4875 0.619 0.4775 0.615 0.46625 0.606 0.45875 0.589 0.45875 0.572 0.45375 0.564 0.43625 0.591 0.4175 0.604 0.42125 0.613 0.42125 0.622 0.415 0.635 0.39875 0.647 0.3825 0.652 0.3575 0.651 0.34125 0.643 0.3325 0.632 0.33 0.621 0.32375 0.612 0.32 0.601 0.32 0.592 0.32375 0.581 0.3325 0.57 0.3425 0.562 0.33625 0.544 0.33625 0.514 0.34 0.498 0.34375 0.492 0.3625 0.474 0.375 0.466 0.37625 0.462 0.38625 0.452 0.40625 0.445 0.4225 0.446 0.44 0.454 0.4525 0.472 0.45375 0.488 0.465 0.468 0.4725 0.462 0.48625 0.438 0.49875 0.423 0.515 0.41 0.53375 0.401 0.55 0.397 0.5775 0.396 0.5825 0.398
0 0.26625 0.611 0.275 0.615 0.28625 0.624 0.30125 0.638 0.3075 0.647 0.30875 0.664 0.30375 0.674 0.33375 0.682 0.355 0.699 0.365 0.719 0.36625 0.741 0.40625 0.741 0.44 0.745 0.45375 0.753 0.4625 0.767 0.46125 0.785 0.455 0.794 0.445 0.801 0.42625 0.806 0.40625 0.806 0.38875 0.817 0.3075 0.847 0.2725 0.847 0.26375 0.845 0.25 0.838 0.2225 0.81 0.2175 0.801 0.21625 0.787 0.195 0.78 0.18375 0.77 0.17875 0.76 0.17875 0.742 0.18875 0.72 0.19125 0.675 0.21375 0.626 0.22625 0.614 0.235 0.61 0.25375 0.608 0.265 0.611
0 0.50875 0.655 0.5225 0.66 0.5325 0.668 0.53875 0.68 0.53875 0.693 0.535 0.701 0.52625 0.71 0.51375 0.716 0.5025 0.718 0.4825 0.715 0.4675 0.705 0.46125 0.694 0.46 0.683 0.46625 0.669 0.47875 0.659 0.49125 0.655 0.5075 0.655
0 0.71375 0.7 0.72875 0.706 0.7425 0.72 0.7525 0.75 0.75875 0.761 0.75875 0.773 0.76375 0.786 0.7625 0.796 0.75625 0.807 0.73875 0.818 0.7175 0.82 0.705 0.816 0.7025 0.817 0.7 0.828 0.68875 0.852 0.66125 0.878 0.64375 0.908 0.64125 0.914 0.64125 0.94 0.635 0.966 0.625 0.981 0.6125 0.991 0.59625 0.999 0.54625 0.998 0.5325 0.989 0.52625 0.98 0.525 0.962 0.53125 0.951 0.54125 0.943 0.56125 0.936 0.56375 0.899 0.585 0.855 0.60625 0.828 0.62 0.817 0.625 0.806 0.6375 0.749 0.64875 0.726 0.65875 0.714 0.66875 0.707 0.69 0.7 0.7125 0.7
0 0.56875 0.768 0.58375 0.772 0.595 0.78 0.60125 0.789 0.60375 0.8 0.59625 0.818 0.58625 0.826 0.57125 0.831 0.55625 0.831 0.54125 0.826 0.53125 0.818 0.525 0.807 0.525 0.792 0.5325 0.78 0.54625 0.771 0.5675 0.768
0 0.51 0.853 0.51625 0.856 0.5275 0.867 0.53125 0.877 0.53125 0.886 0.525 0.899 0.51375 0.908 0.49625 0.913 0.4775 0.911 0.4625 0.903 0.45375 0.891 0.4525 0.876 0.46 0.862 0.47125 0.854 0.48375 0.85 0.5 0.85 0.50875 0.853