0 0.315 0.192 0.34125 0.197 0.36 0.207 0.38 0.209 0.39625 0.215 0.40625 0.216 0.41625 0.22 0.42625 0.228 0.4325 0.239 0.43125 0.257 0.425 0.266 0.4175 0.272 0.39875 0.278 0.3825 0.278 0.36 0.27 0.335 0.267 0.28875 0.251 0.27875 0.244 0.27 0.227 0.27375 0.21 0.28625 0.198 0.3 0.193 0.31375 0.192
0 0.47625 0.237 0.49375 0.242 0.505 0.251 0.51 0.26 0.53625 0.26 0.54875 0.264 0.55875 0.271 0.56625 0.283 0.56625 0.299 0.56 0.31 0.5525 0.316 0.5375 0.322 0.51125 0.324 0.4675 0.323 0.4525 0.317 0.4375 0.303 0.4325 0.289 0.4325 0.263 0.43625 0.254 0.45 0.242 0.46125 0.238 0.475 0.237
0 0.2075 0.319 0.22625 0.321 0.23875 0.326 0.2525 0.337 0.2625 0.353 0.26125 0.393 0.24375 0.436 0.23 0.449 0.21375 0.455 0.195 0.455 0.185 0.452 0.17375 0.445 0.1475 0.446 0.1375 0.444 0.1225 0.436 0.11625 0.429 0.1125 0.42 0.1125 0.408 0.115 0.402 0.1275 0.389 0.13875 0.384 0.1625 0.382 0.1475 0.372 0.14125 0.362 0.14 0.35 0.14625 0.336 0.15375 0.329 0.1675 0.322 0.18 0.319 0.20625 0.319
0 0.4025 0.334 0.41625 0.34 0.425 0.34 0.435 0.343 0.45125 0.356 0.46625 0.349 0.49125 0.343 0.55125 0.343 0.58 0.345 0.59125 0.349 0.6 0.355 0.60875 0.369 0.6075 0.386 0.6025 0.394 0.58875 0.404 0.57875 0.407 0.50375 0.406 0.47375 0.42 0.465 0.428 0.45125 0.435 0.43875 0.439 0.40875 0.444 0.37625 0.444 0.34875 0.44 0.3375 0.436 0.315 0.417 0.30625 0.398 0.30625 0.389 0.31375 0.37 0.33125 0.347 0.3625 0.334 0.40125 0.334
0 0.77125 0.381 0.77625 0.383 0.79 0.396 0.79375 0.409 0.7925 0.417 0.78625 0.428 0.7775 0.435 0.76 0.441 0.73875 0.439 0.72125 0.428 0.715 0.417 0.715 0.402 0.72125 0.391 0.73125 0.383 0.73875 0.38 0.76125 0.378 0.77 0.381
0 0.65625 0.402 0.67375 0.408 0.68375 0.417 0.68875 0.427 0.6875 0.447 0.67625 0.462 0.6675 0.469 0.65375 0.475 0.635 0.476 0.62625 0.474 0.615 0.468 0.605 0.468 0.5775 0.473 0.56375 0.473 0.53375 0.481 0.5175 0.481 0.50375 0.477 0.49125 0.468 0.48625 0.46 0.485 0.442 0.49125 0.431 0.50125 0.423 0.51625 0.418 0.52375 0.418 0.555 0.41 0.57375 0.41 0.61875 0.402 0.655 0.402
0 0.93375 0.415 0.94375 0.419 0.95375 0.428 0.95875 0.438 0.95875 0.451 0.9525 0.463 0.94 0.472 0.9275 0.476 0.9075 0.475 0.89125 0.467 0.8825 0.456 0.88 0.442 0.885 0.429 0.9 0.417 0.91375 0.413 0.9325 0.415
0 0.14625 0.454 0.16125 0.46 0.17125 0.47 0.175 0.479 0.175 0.49 0.1675 0.504 0.15625 0.512 0.1425 0.516 0.12375 0.515 0.11 0.509 0.0975 0.494 0.09625 0.48 0.1025 0.467 0.11375 0.458 0.13 0.453 0.145 0.454
0 0.7325 0.47 0.74375 0.474 0.755 0.483 0.76125 0.496 0.76125 0.505 0.7525 0.521 0.74 0.529 0.72875 0.532 0.715 0.532 0.6975 0.526 0.685 0.513 0.6825 0.495 0.68625 0.486 0.7 0.474 0.71625 0.469 0.73125 0.47
0 0.58 0.477 0.59375 0.481 0.60625 0.49 0.61375 0.508 0.6125 0.516 0.60625 0.527 0.59625 0.535 0.58125 0.54 0.56625 0.54 0.55125 0.535 0.54125 0.527 0.535 0.516 0.535 0.501 0.54125 0.49 0.55875 0.479 0.57875 0.477
0 0.90125 0.49 0.91625 0.495 0.92875 0.506 0.93375 0.52 0.9325 0.529 0.92625 0.54 0.91375 0.549 0.9 0.553 0.88375 0.553 0.9 0.567 0.90375 0.579 0.9025 0.588 0.89625 0.599 0.88625 0.607 0.87125 0.612 0.8575 0.612 0.84125 0.607 0.80625 0.585 0.8175 0.58 0.8275 0.572 0.835 0.56 0.83625 0.538 0.8275 0.518 0.8575 0.537 0.85875 0.535 0.855 0.529 0.855 0.514 0.86125 0.503 0.87125 0.495 0.87875 0.492 0.88625 0.49 0.9 0.49
0 0.70125 0.539 0.71125 0.558 0.72625 0.572 0.75875 0.588 0.78125 0.591 0.79125 0.599 0.79875 0.609 0.80125 0.625 0.795 0.638 0.7875 0.645 0.76875 0.652 0.75 0.651 0.73625 0.645 0.6975 0.611 0.6875 0.597 0.685 0.591 0.685 0.562 0.69375 0.545 0.7 0.539
0 0.225 0.587 0.2375 0.589 0.25 0.595 0.2575 0.602 0.2625 0.612 0.2625 0.626 0.2575 0.636 0.245 0.646 0.2325 0.65 0.215 0.65 0.1975 0.643 0.18625 0.63 0.18375 0.62 0.185 0.611 0.1925 0.599 0.21 0.589 0.22375 0.587
0 0.6225 0.587 0.645 0.593 0.65625 0.603 0.66125 0.614 0.66125 0.624 0.65625 0.635 0.645 0.645 0.63125 0.65 0.6125 0.65 0.6025 0.647 0.58875 0.637 0.5825 0.625 0.5825 0.613 0.58875 0.601 0.6025 0.591 0.62125 0.587
0 0.37625 0.631 0.38875 0.635 0.39875 0.642 0.40625 0.654 0.4075 0.665 0.4 0.681 0.385 0.691 0.37125 0.694 0.35375 0.692 0.3375 0.683 0.32875 0.669 0.32875 0.655 0.335 0.644 0.34875 0.634 0.35875 0.631 0.375 0.631
0 0.515 0.635 0.5275 0.637 0.545 0.647 0.55125 0.656 0.5525 0.666 0.555 0.668 0.58625 0.667 0.5975 0.669 0.60875 0.674 0.61625 0.68 0.625 0.694 0.64625 0.699 0.6625 0.706 0.67 0.712 0.6775 0.728 0.675 0.742 0.6625 0.756 0.64625 0.762 0.62625 0.762 0.61375 0.758 0.59625 0.756 0.575 0.745 0.5575 0.73 0.52875 0.73 0.50375 0.735 0.48625 0.735 0.475 0.732 0.46125 0.722 0.455 0.711 0.455 0.693 0.475 0.662 0.47625 0.656 0.48875 0.642 0.5 0.637 0.51375 0.635
0 0.715 0.651 0.7275 0.653 0.73875 0.658 0.7475 0.666 0.75375 0.682 0.75125 0.694 0.74375 0.704 0.735 0.71 0.7225 0.714 0.705 0.714 0.6925 0.71 0.68 0.7 0.675 0.69 0.675 0.676 0.6825 0.663 0.7 0.653 0.71375 0.651