0 0.53875 0.031 0.555 0.043 0.56125 0.053 0.58125 0.074 0.6 0.079 0.61 0.087 0.6175 0.102 0.615 0.117 0.61125 0.123 0.6 0.132 0.555 0.151 0.50875 0.151 0.50125 0.149 0.48125 0.135 0.4725 0.118 0.4725 0.069 0.48125 0.043 0.49125 0.034 0.5025 0.029 0.52875 0.028 0.5375 0.031
0 0.44375 0.146 0.45875 0.151 0.4725 0.152 0.4825 0.156 0.495 0.168 0.5075 0.169 0.52 0.173 0.55375 0.175 0.57875 0.181 0.58875 0.185 0.6 0.194 0.60875 0.209 0.60875 0.235 0.60625 0.241 0.60875 0.248 0.60875 0.263 0.6025 0.274 0.55125 0.318 0.5125 0.336 0.47625 0.345 0.455 0.345 0.44375 0.342 0.4325 0.336 0.42 0.325 0.41 0.334 0.40125 0.338 0.39375 0.34 0.37375 0.34 0.36125 0.336 0.35 0.328 0.3425 0.314 0.3425 0.284 0.3475 0.268 0.3525 0.257 0.36625 0.238 0.37125 0.222 0.38 0.213 0.39 0.192 0.39625 0.185 0.4 0.167 0.40625 0.158 0.4175 0.15 0.43125 0.146 0.4425 0.146
0 0.69625 0.256 0.715 0.261 0.725 0.268 0.7325 0.28 0.7375 0.299 0.7375 0.349 0.735 0.355 0.73375 0.384 0.72 0.4 0.7025 0.407 0.68375 0.407 0.66875 0.402 0.6575 0.392 0.6525 0.381 0.6525 0.37 0.65625 0.363 0.65625 0.346 0.65875 0.34 0.65875 0.305 0.655 0.298 0.65625 0.277 0.66875 0.263 0.68 0.258 0.695 0.256
0 0.29875 0.272 0.31 0.274 0.31875 0.278 0.3325 0.29 0.3375 0.303 0.335 0.318 0.3225 0.332 0.33125 0.344 0.3325 0.362 0.3275 0.372 0.32125 0.378 0.33875 0.401 0.34125 0.419 0.33625 0.43 0.325 0.44 0.30625 0.446 0.27375 0.446 0.24375 0.436 0.21625 0.413 0.21 0.39 0.2125 0.357 0.21625 0.346 0.22625 0.332 0.2275 0.321 0.23625 0.301 0.25125 0.288 0.2675 0.278 0.28125 0.273 0.2975 0.272
0 0.515 0.447 0.52875 0.457 0.5325 0.463 0.535 0.469 0.535 0.481 0.52875 0.493 0.51875 0.501 0.49625 0.507 0.4825 0.505 0.4725 0.501 0.46375 0.494 0.4575 0.484 0.45625 0.47 0.46125 0.459 0.4725 0.449 0.48625 0.444 0.505 0.444 0.51375 0.447
0 0.3975 0.603 0.41875 0.609 0.42875 0.617 0.435 0.627 0.43875 0.641 0.4375 0.688 0.4275 0.712 0.42375 0.728 0.4 0.763 0.38875 0.773 0.37125 0.78 0.36 0.782 0.34 0.781 0.31875 0.774 0.28875 0.751 0.26875 0.722 0.26875 0.712 0.26125 0.691 0.26 0.678 0.26625 0.664 0.2775 0.655 0.2925 0.65 0.3075 0.65 0.3175 0.653 0.32375 0.648 0.33375 0.633 0.355 0.616 0.375 0.606 0.39625 0.603
0 0.69875 0.607 0.7125 0.612 0.725 0.623 0.72875 0.631 0.72875 0.645 0.72375 0.655 0.71625 0.662 0.70375 0.668 0.6925 0.67 0.6725 0.667 0.6575 0.657 0.65125 0.646 0.65 0.635 0.65625 0.621 0.66875 0.611 0.68125 0.607 0.6975 0.607
0 0.55875 0.626 0.5725 0.63 0.585 0.639 0.5925 0.648 0.6 0.663 0.6075 0.686 0.6075 0.737 0.60375 0.75 0.595 0.765 0.58625 0.772 0.575 0.777 0.5625 0.78 0.5475 0.78 0.53875 0.778 0.525 0.771 0.51375 0.78 0.49625 0.786 0.47625 0.786 0.465 0.782 0.4525 0.773 0.44625 0.764 0.4425 0.749 0.4425 0.724 0.445 0.719 0.445 0.708 0.4425 0.703 0.44375 0.688 0.4575 0.669 0.49375 0.642 0.53125 0.627 0.5575 0.626
0 0.6975 0.693 0.71875 0.701 0.725 0.707 0.73125 0.72 0.73 0.733 0.7225 0.745 0.71 0.753 0.69875 0.756 0.68 0.755 0.66625 0.749 0.6575 0.741 0.6525 0.73 0.65375 0.715 0.66125 0.704 0.68 0.694 0.69625 0.693
0 0.7025 0.771 0.7125 0.776 0.72125 0.785 0.725 0.8 0.77625 0.837 0.79625 0.855 0.82 0.896 0.82125 0.915 0.81125 0.933 0.79375 0.945 0.76625 0.953 0.73125 0.952 0.7075 0.942 0.695 0.939 0.6775 0.926 0.66875 0.912 0.66625 0.886 0.65625 0.871 0.64875 0.849 0.64875 0.838 0.64625 0.833 0.64625 0.795 0.6525 0.782 0.66375 0.773 0.68125 0.768 0.69 0.768 0.70125 0.771
0 0.57375 0.804 0.58875 0.81 0.60125 0.824 0.60375 0.835 0.6 0.847 0.60125 0.857 0.59875 0.864 0.59125 0.874 0.58375 0.879 0.565 0.906 0.53 0.935 0.50875 0.946 0.48375 0.953 0.4675 0.953 0.45 0.948 0.43875 0.939 0.42875 0.925 0.4225 0.906 0.4225 0.869 0.42875 0.85 0.44125 0.832 0.44875 0.826 0.465 0.819 0.53 0.804 0.5725 0.804