0 0.48625 0.236 0.49875 0.24 0.50875 0.247 0.51625 0.259 0.5175 0.27 0.51 0.286 0.49875 0.294 0.51125 0.339 0.51 0.359 0.505 0.368 0.495 0.376 0.47625 0.382 0.4575 0.382 0.44 0.377 0.40125 0.351 0.39125 0.343 0.3825 0.331 0.38 0.309 0.385 0.295 0.3925 0.283 0.41625 0.262 0.4575 0.239 0.46875 0.236 0.485 0.236
0 0.56625 0.24 0.585 0.245 0.595 0.252 0.60125 0.261 0.60375 0.272 0.60125 0.283 0.59375 0.293 0.5825 0.3 0.5725 0.303 0.555 0.303 0.545 0.3 0.53375 0.293 0.525 0.279 0.525 0.264 0.5325 0.252 0.55 0.242 0.565 0.24
0 0.65375 0.368 0.675 0.375 0.68375 0.383 0.68875 0.393 0.68875 0.407 0.6825 0.418 0.6725 0.426 0.65875 0.431 0.64125 0.431 0.62875 0.427 0.61625 0.417 0.61 0.403 0.61125 0.392 0.6175 0.381 0.6325 0.371 0.6525 0.368
0 0.5025 0.4 0.5125 0.404 0.5225 0.412 0.52875 0.424 0.52875 0.437 0.52375 0.447 0.515 0.455 0.49375 0.462 0.48 0.461 0.46625 0.456 0.45375 0.444 0.45 0.427 0.45625 0.413 0.46875 0.403 0.48125 0.399 0.50125 0.4
0 0.95875 0.486 0.97 0.49 0.98 0.498 0.98625 0.508 0.9875 0.52 0.985 0.528 0.9775 0.538 0.97 0.543 0.955 0.548 0.9325 0.546 0.91625 0.536 0.90875 0.523 0.90875 0.51 0.91625 0.497 0.93 0.488 0.9425 0.485 0.9575 0.486
0 0.1025 0.494 0.12 0.502 0.1425 0.525 0.16375 0.542 0.17125 0.552 0.17625 0.566 0.19 0.563 0.2425 0.565 0.265 0.562 0.29875 0.562 0.3175 0.569 0.33125 0.584 0.3425 0.584 0.355 0.587 0.37 0.597 0.38125 0.618 0.38125 0.641 0.37875 0.648 0.3725 0.657 0.36125 0.665 0.34875 0.67 0.325 0.673 0.29 0.673 0.28125 0.671 0.2525 0.658 0.23875 0.645 0.23125 0.642 0.21875 0.642 0.185 0.634 0.1525 0.633 0.13 0.629 0.11625 0.624 0.1075 0.617 0.09625 0.601 0.09375 0.579 0.0775 0.561 0.06375 0.55 0.05625 0.541 0.0525 0.532 0.0525 0.519 0.055 0.512 0.06625 0.5 0.08 0.494 0.10125 0.494
0 0.53625 0.543 0.54875 0.547 0.55875 0.554 0.56625 0.566 0.5675 0.577 0.56 0.593 0.5475 0.602 0.53125 0.606 0.51375 0.604 0.4975 0.595 0.48875 0.581 0.48875 0.568 0.495 0.556 0.505 0.548 0.51875 0.543 0.535 0.543
0 0.47125 0.61 0.5075 0.621 0.51875 0.63 0.525 0.642 0.525 0.676 0.5125 0.696 0.53375 0.7 0.545 0.706 0.55125 0.712 0.5575 0.726 0.55625 0.738 0.5475 0.75 0.55375 0.756 0.55875 0.766 0.5575 0.783 0.55125 0.792 0.54375 0.798 0.53 0.804 0.51875 0.806 0.4875 0.806 0.4525 0.799 0.44375 0.799 0.425 0.794 0.40875 0.793 0.3825 0.78 0.3575 0.771 0.35 0.764 0.34 0.744 0.33625 0.704 0.345 0.687 0.35875 0.676 0.37 0.672 0.4125 0.646 0.42625 0.633 0.43125 0.623 0.44125 0.615 0.45625 0.61 0.47 0.61
0 0.8725 0.623 0.8825 0.626 0.89375 0.633 0.90125 0.643 0.90375 0.655 0.90125 0.665 0.895 0.674 0.885 0.681 0.8675 0.686 0.85 0.684 0.8325 0.674 0.825 0.661 0.825 0.647 0.835 0.632 0.845 0.626 0.855 0.623 0.87125 0.623
0 0.19 0.653 0.20375 0.657 0.21625 0.666 0.225 0.684 0.23375 0.683 0.24875 0.686 0.26375 0.696 0.26875 0.703 0.27125 0.711 0.26875 0.727 0.27875 0.733 0.28625 0.742 0.28875 0.748 0.28875 0.761 0.2825 0.773 0.2725 0.781 0.25875 0.786 0.2325 0.786 0.2175 0.783 0.1875 0.781 0.1725 0.777 0.135 0.762 0.12625 0.762 0.105 0.756 0.095 0.75 0.085 0.737 0.0825 0.73 0.0825 0.711 0.09875 0.681 0.115 0.669 0.135 0.658 0.16 0.653 0.18875 0.653
0 0.9375 0.7 0.95125 0.705 0.96 0.712 0.96625 0.723 0.9675 0.734 0.95875 0.751 0.94875 0.758 0.93625 0.762 0.91875 0.762 0.90875 0.759 0.895 0.749 0.88875 0.737 0.89 0.721 0.90125 0.707 0.91375 0.701 0.92625 0.699 0.93625 0.7
0 0.84375 0.714 0.85625 0.718 0.8675 0.726 0.875 0.739 0.875 0.751 0.87125 0.76 0.86125 0.77 0.84125 0.777 0.825 0.776 0.81375 0.772 0.8025 0.763 0.79875 0.757 0.79625 0.741 0.8025 0.728 0.815 0.718 0.82875 0.714 0.8425 0.714
0 0.36375 0.781 0.38 0.786 0.39 0.794 0.395 0.801 0.3975 0.81 0.39625 0.821 0.39 0.831 0.38 0.839 0.36375 0.844 0.35125 0.844 0.33375 0.838 0.32375 0.829 0.31875 0.819 0.31875 0.806 0.32625 0.793 0.3425 0.783 0.3625 0.781
0 0.16375 0.786 0.18125 0.791 0.19 0.797 0.21125 0.806 0.26 0.807 0.2725 0.811 0.28375 0.819 0.29125 0.834 0.28875 0.85 0.275 0.864 0.25375 0.87 0.20125 0.87 0.18375 0.867 0.13375 0.845 0.12125 0.836 0.11375 0.818 0.11875 0.802 0.13125 0.791 0.14125 0.787 0.1625 0.786
0 0.73875 0.787 0.75 0.789 0.76375 0.797 0.78625 0.797 0.81 0.806 0.835 0.835 0.8425 0.849 0.86625 0.87 0.88 0.893 0.88125 0.912 0.87375 0.926 0.8625 0.934 0.85 0.938 0.83375 0.938 0.81875 0.933 0.8075 0.923 0.7975 0.903 0.7825 0.89 0.76375 0.908 0.74625 0.914 0.715 0.914 0.70375 0.911 0.69125 0.906 0.675 0.893 0.66875 0.881 0.66875 0.86 0.67375 0.845 0.685 0.828 0.69375 0.82 0.70375 0.8 0.71875 0.79 0.7375 0.787