0 0.51375 0.07 0.5275 0.075 0.535 0.081 0.5425 0.093 0.5425 0.108 0.535 0.122 0.53375 0.134 0.525 0.151 0.525 0.161 0.52875 0.168 0.52875 0.187 0.5375 0.199 0.54125 0.211 0.53875 0.237 0.5275 0.255 0.5175 0.264 0.49875 0.27 0.4825 0.269 0.47625 0.283 0.465 0.293 0.44375 0.299 0.4325 0.298 0.41875 0.293 0.39 0.272 0.38 0.259 0.3675 0.249 0.35375 0.227 0.3525 0.205 0.35875 0.193 0.36875 0.185 0.3825 0.18 0.405 0.181 0.42125 0.19 0.4225 0.189 0.41875 0.181 0.42 0.164 0.425 0.156 0.435 0.148 0.4475 0.142 0.45125 0.125 0.45625 0.116 0.4575 0.105 0.46625 0.086 0.475 0.077 0.4875 0.071 0.4975 0.069 0.5125 0.07
0 0.655 0.215 0.66625 0.218 0.68125 0.229 0.68625 0.238 0.6875 0.25 0.70375 0.261 0.70875 0.268 0.71125 0.275 0.71 0.289 0.70375 0.299 0.69625 0.305 0.685 0.31 0.645 0.311 0.63625 0.309 0.62375 0.313 0.6025 0.311 0.58625 0.301 0.57875 0.288 0.57875 0.273 0.5925 0.252 0.62125 0.221 0.6375 0.215 0.65375 0.215
0 0.35625 0.261 0.37375 0.266 0.385 0.275 0.39125 0.288 0.39 0.301 0.3825 0.313 0.3725 0.32 0.345 0.326 0.35125 0.338 0.3475 0.359 0.34125 0.368 0.33375 0.374 0.3175 0.38 0.29375 0.38 0.28875 0.378 0.2825 0.379 0.26 0.376 0.2375 0.364 0.2225 0.352 0.2175 0.343 0.21625 0.32 0.22 0.308 0.235 0.285 0.255 0.274 0.2925 0.266 0.355 0.261
0 0.5325 0.309 0.5475 0.313 0.56 0.322 0.565 0.329 0.5675 0.338 0.56625 0.349 0.5575 0.362 0.54625 0.369 0.535 0.372 0.52 0.372 0.50375 0.366 0.495 0.359 0.48875 0.347 0.48875 0.334 0.49625 0.321 0.51 0.312 0.53125 0.309
0 0.7625 0.344 0.7725 0.348 0.7825 0.356 0.78875 0.368 0.78875 0.381 0.78375 0.391 0.775 0.399 0.75375 0.406 0.74 0.405 0.72625 0.4 0.71375 0.388 0.71 0.371 0.71625 0.357 0.73125 0.346 0.74125 0.343 0.76125 0.344
0 0.445 0.384 0.45875 0.387 0.47625 0.396 0.48875 0.399 0.49875 0.405 0.53 0.409 0.545 0.415 0.55375 0.423 0.55875 0.433 0.5575 0.45 0.5525 0.458 0.5425 0.466 0.5275 0.471 0.5075 0.471 0.47625 0.466 0.435 0.45 0.4275 0.464 0.41625 0.472 0.4025 0.476 0.38875 0.476 0.3775 0.473 0.365 0.465 0.3575 0.454 0.35625 0.432 0.365 0.405 0.37875 0.391 0.39 0.386 0.4 0.384 0.44375 0.384
0 0.20875 0.434 0.24 0.446 0.255 0.456 0.27625 0.463 0.2925 0.476 0.2975 0.484 0.29875 0.544 0.29375 0.56 0.285 0.573 0.2775 0.579 0.25875 0.585 0.2425 0.584 0.23 0.579 0.22125 0.572 0.215 0.56 0.19625 0.551 0.18 0.526 0.16875 0.516 0.16125 0.498 0.15875 0.487 0.15875 0.459 0.165 0.447 0.1825 0.436 0.19125 0.434 0.2075 0.434
0 0.6825 0.446 0.69375 0.45 0.705 0.459 0.71125 0.472 0.71125 0.481 0.7025 0.497 0.69 0.505 0.67875 0.508 0.665 0.508 0.6475 0.502 0.635 0.489 0.6325 0.471 0.63625 0.462 0.65 0.45 0.66625 0.445 0.68125 0.446
0 0.4425 0.518 0.45375 0.522 0.465 0.531 0.48 0.564 0.49875 0.596 0.49875 0.61 0.495 0.618 0.4875 0.626 0.46875 0.634 0.4725 0.642 0.4725 0.658 0.4675 0.668 0.455 0.678 0.4425 0.682 0.425 0.682 0.4075 0.675 0.37875 0.647 0.37 0.63 0.37125 0.609 0.385 0.573 0.38375 0.566 0.38625 0.55 0.395 0.533 0.4075 0.522 0.415 0.519 0.42375 0.517 0.44125 0.518
0 0.76 0.557 0.77375 0.561 0.78625 0.57 0.79375 0.588 0.7925 0.596 0.78625 0.607 0.77625 0.615 0.76125 0.62 0.7475 0.62 0.73125 0.615 0.72125 0.607 0.715 0.596 0.715 0.581 0.72125 0.57 0.73875 0.559 0.75875 0.557
0 0.55875 0.664 0.58625 0.675 0.5975 0.685 0.60375 0.695 0.615 0.696 0.62625 0.701 0.63875 0.714 0.64125 0.731 0.63625 0.742 0.62125 0.754 0.605 0.758 0.58375 0.757 0.55125 0.746 0.53625 0.734 0.5325 0.726 0.5125 0.714 0.50625 0.705 0.505 0.687 0.51375 0.673 0.525 0.666 0.535 0.663 0.5575 0.664
0 0.74625 0.719 0.75875 0.723 0.76875 0.73 0.77625 0.742 0.7775 0.753 0.7725 0.766 0.76125 0.776 0.74 0.782 0.72375 0.78 0.7075 0.771 0.69875 0.757 0.69875 0.744 0.705 0.732 0.715 0.724 0.72875 0.719 0.745 0.719
0 0.44375 0.749 0.4575 0.758 0.465 0.772 0.46375 0.787 0.4575 0.796 0.45125 0.812 0.46125 0.821 0.4725 0.845 0.4725 0.866 0.4625 0.905 0.4625 0.919 0.4475 0.953 0.44 0.964 0.43125 0.971 0.4125 0.977 0.39875 0.977 0.38 0.971 0.3725 0.965 0.36375 0.952 0.3625 0.924 0.37125 0.906 0.3725 0.868 0.36125 0.85 0.36 0.835 0.36375 0.822 0.37375 0.804 0.375 0.794 0.38125 0.779 0.3925 0.759 0.405 0.75 0.4175 0.746 0.43375 0.746 0.4425 0.749