0 0.6725 0.084 0.6825 0.087 0.69375 0.094 0.70125 0.104 0.70375 0.115 0.70125 0.137 0.695 0.153 0.695 0.178 0.69 0.189 0.6775 0.199 0.68375 0.219 0.6825 0.236 0.66 0.272 0.64 0.285 0.62625 0.289 0.60375 0.289 0.5875 0.284 0.56125 0.262 0.5375 0.231 0.53 0.208 0.53125 0.197 0.5025 0.187 0.49125 0.179 0.48 0.167 0.47 0.145 0.47 0.125 0.4775 0.109 0.49 0.099 0.505 0.092 0.5175 0.089 0.5525 0.088 0.56375 0.09 0.58375 0.102 0.59125 0.115 0.595 0.116 0.61375 0.107 0.64 0.089 0.655 0.084 0.67125 0.084
0 0.37375 0.096 0.37875 0.098 0.425 0.099 0.4375 0.104 0.44625 0.111 0.4525 0.122 0.4525 0.137 0.445 0.149 0.44375 0.201 0.46 0.207 0.485 0.22 0.49875 0.234 0.505 0.247 0.50375 0.269 0.49875 0.277 0.48125 0.29 0.46875 0.295 0.44875 0.299 0.41875 0.312 0.40125 0.316 0.3625 0.316 0.3475 0.312 0.34375 0.313 0.3725 0.329 0.42125 0.366 0.42625 0.374 0.43875 0.383 0.45125 0.4 0.4525 0.418 0.4475 0.428 0.435 0.438 0.415 0.443 0.4 0.441 0.38625 0.434 0.37 0.434 0.355 0.428 0.3425 0.418 0.31875 0.404 0.29875 0.388 0.28375 0.369 0.27875 0.355 0.27875 0.334 0.28625 0.321 0.2925 0.316 0.30625 0.31 0.33625 0.309 0.32875 0.306 0.3125 0.29 0.3075 0.274 0.2925 0.246 0.2925 0.22 0.2975 0.209 0.32 0.192 0.33375 0.185 0.35 0.181 0.35375 0.178 0.34875 0.167 0.32125 0.139 0.31875 0.133 0.32 0.116 0.325 0.108 0.335 0.1 0.345 0.096 0.3725 0.096
0 0.84875 0.184 0.865 0.195 0.87125 0.208 0.87125 0.258 0.8775 0.276 0.8775 0.326 0.87375 0.344 0.8775 0.349 0.88875 0.353 0.9025 0.365 0.92125 0.389 0.935 0.413 0.935 0.438 0.92375 0.459 0.91125 0.467 0.89875 0.479 0.88625 0.484 0.8675 0.497 0.85 0.502 0.83125 0.5 0.81375 0.489 0.8075 0.479 0.80625 0.466 0.81 0.456 0.8175 0.447 0.805 0.443 0.795 0.436 0.78625 0.425 0.77875 0.41 0.765 0.397 0.75625 0.395 0.7425 0.388 0.7325 0.378 0.72875 0.37 0.72875 0.357 0.7325 0.348 0.745 0.337 0.75875 0.332 0.7675 0.314 0.78875 0.232 0.7925 0.207 0.79875 0.195 0.81 0.186 0.82125 0.182 0.83625 0.181 0.8475 0.184
0 0.7175 0.267 0.73 0.272 0.74 0.281 0.745 0.292 0.745 0.303 0.73625 0.318 0.72375 0.326 0.7125 0.329 0.695 0.328 0.67875 0.321 0.66875 0.309 0.66625 0.293 0.6725 0.28 0.68375 0.271 0.69875 0.266 0.71625 0.267
0 0.5025 0.332 0.515 0.336 0.53625 0.348 0.57 0.348 0.585 0.344 0.66125 0.344 0.68 0.347 0.695 0.354 0.70125 0.36 0.70625 0.369 0.7075 0.381 0.7025 0.393 0.69 0.405 0.72375 0.425 0.72875 0.43 0.735 0.442 0.735 0.454 0.7325 0.46 0.71875 0.474 0.70375 0.479 0.6825 0.478 0.66 0.466 0.65875 0.477 0.65 0.491 0.64125 0.497 0.62375 0.502 0.61375 0.502 0.5925 0.497 0.575 0.49 0.55625 0.479 0.55125 0.473 0.53625 0.463 0.5275 0.451 0.50375 0.432 0.45875 0.38 0.45375 0.363 0.46 0.346 0.4675 0.339 0.48 0.333 0.50125 0.332
0 0.35375 0.491 0.3675 0.497 0.375 0.504 0.38 0.513 0.3825 0.526 0.40125 0.514 0.42 0.512 0.43 0.514 0.44375 0.521 0.45375 0.534 0.455 0.557 0.43 0.62 0.4275 0.627 0.42875 0.63 0.43625 0.617 0.43875 0.607 0.465 0.568 0.4775 0.555 0.4925 0.545 0.50875 0.54 0.5225 0.533 0.53875 0.531 0.55125 0.533 0.56125 0.538 0.5725 0.538 0.58625 0.542 0.5975 0.55 0.6025 0.557 0.605 0.564 0.6025 0.582 0.57625 0.608 0.5525 0.66 0.54 0.681 0.52625 0.723 0.52 0.731 0.51125 0.737 0.48625 0.746 0.45875 0.746 0.45125 0.744 0.435 0.733 0.43 0.726 0.4225 0.703 0.42375 0.64 0.415 0.662 0.4 0.685 0.38 0.708 0.3525 0.732 0.335 0.739 0.3125 0.74 0.29125 0.731 0.2825 0.72 0.27375 0.698 0.275 0.639 0.2675 0.629 0.26375 0.616 0.26375 0.581 0.26875 0.558 0.2725 0.547 0.28125 0.535 0.29875 0.523 0.3025 0.51 0.31 0.5 0.3275 0.491 0.3525 0.491
0 0.705 0.519 0.71875 0.529 0.72375 0.537 0.725 0.553 0.71875 0.565 0.70875 0.573 0.695 0.578 0.67625 0.578 0.6625 0.573 0.64875 0.559 0.64625 0.543 0.65125 0.531 0.6625 0.521 0.685 0.515 0.70375 0.519
0 0.72875 0.599 0.73875 0.602 0.775 0.622 0.78875 0.633 0.79375 0.641 0.795 0.651 0.805 0.662 0.815 0.681 0.8175 0.694 0.82625 0.711 0.83125 0.729 0.83125 0.764 0.82125 0.79 0.80875 0.807 0.8025 0.812 0.78 0.82 0.75375 0.819 0.73875 0.814 0.72875 0.807 0.7125 0.789 0.70125 0.771 0.6975 0.755 0.68875 0.736 0.68875 0.699 0.695 0.687 0.6975 0.676 0.70375 0.669 0.70625 0.662 0.69125 0.654 0.6825 0.645 0.67875 0.637 0.67875 0.624 0.685 0.612 0.695 0.604 0.70875 0.599 0.7275 0.599
0 0.63875 0.663 0.6525 0.668 0.665 0.679 0.66875 0.687 0.66875 0.701 0.66375 0.711 0.65625 0.718 0.64375 0.724 0.6325 0.726 0.6125 0.723 0.5975 0.713 0.59125 0.702 0.59 0.691 0.59625 0.677 0.60875 0.667 0.62125 0.663 0.6375 0.663
0 0.635 0.739 0.65625 0.755 0.66 0.764 0.67625 0.787 0.68125 0.8 0.68375 0.831 0.68125 0.848 0.67375 0.868 0.65625 0.886 0.64625 0.894 0.63375 0.9 0.6175 0.902 0.60625 0.9 0.59625 0.895 0.57375 0.933 0.55625 0.953 0.52625 0.98 0.51 0.986 0.49375 0.986 0.47875 0.981 0.4675 0.971 0.4625 0.961 0.4625 0.94 0.465 0.931 0.47875 0.91 0.49125 0.87 0.4975 0.862 0.51 0.853 0.535 0.847 0.535 0.836 0.5325 0.831 0.53375 0.801 0.54625 0.781 0.56375 0.76 0.5825 0.746 0.59625 0.739 0.60875 0.736 0.6225 0.736 0.63375 0.739
0 0.48625 0.792 0.50375 0.797 0.515 0.806 0.52125 0.819 0.52 0.833 0.5125 0.844 0.49625 0.853 0.47 0.876 0.46875 0.893 0.46 0.907 0.44375 0.916 0.43125 0.918 0.42 0.917 0.40875 0.913 0.39375 0.9 0.38875 0.88 0.3825 0.872 0.38 0.856 0.375 0.847 0.37375 0.835 0.37625 0.824 0.3825 0.814 0.40375 0.797 0.41125 0.794 0.4325 0.792 0.4425 0.794 0.45375 0.8 0.47125 0.793 0.485 0.792