0 0.45375 0.203 0.46875 0.21 0.4925 0.217 0.52125 0.24 0.56875 0.27 0.57875 0.278 0.58375 0.286 0.585 0.303 0.58 0.314 0.56 0.336 0.54875 0.344 0.525 0.376 0.5125 0.386 0.49875 0.391 0.48625 0.391 0.48 0.396 0.46375 0.401 0.445 0.401 0.435 0.404 0.41375 0.405 0.43125 0.417 0.43625 0.424 0.43875 0.43 0.43875 0.446 0.45125 0.456 0.45625 0.465 0.4575 0.476 0.455 0.485 0.45 0.492 0.425 0.51 0.4075 0.518 0.38 0.536 0.35375 0.545 0.33125 0.543 0.31875 0.537 0.3125 0.531 0.30375 0.509 0.30625 0.472 0.32 0.447 0.32875 0.439 0.335 0.429 0.3625 0.408 0.38625 0.401 0.37375 0.398 0.36125 0.391 0.3375 0.372 0.3175 0.346 0.31 0.325 0.31125 0.278 0.31875 0.265 0.33 0.256 0.35 0.245 0.3925 0.212 0.40375 0.206 0.4175 0.202 0.4525 0.203
0 0.67125 0.252 0.68625 0.264 0.69625 0.288 0.7125 0.312 0.715 0.319 0.71375 0.339 0.71 0.346 0.70125 0.354 0.6725 0.366 0.65 0.385 0.6325 0.417 0.62 0.425 0.60875 0.428 0.58625 0.426 0.57 0.416 0.5625 0.402 0.56375 0.384 0.56875 0.375 0.57 0.367 0.585 0.348 0.62625 0.315 0.6125 0.289 0.6125 0.274 0.61875 0.262 0.62875 0.254 0.64125 0.249 0.655 0.248 0.67 0.252
0 0.18125 0.259 0.19375 0.264 0.20125 0.27 0.20875 0.283 0.20875 0.296 0.20625 0.302 0.19375 0.315 0.20375 0.324 0.20875 0.334 0.20875 0.347 0.20625 0.353 0.2075 0.354 0.225 0.343 0.245 0.341 0.265 0.348 0.27625 0.36 0.27875 0.366 0.27875 0.379 0.27375 0.389 0.26375 0.398 0.2475 0.404 0.2275 0.403 0.21 0.394 0.20125 0.381 0.20125 0.36 0.185 0.37 0.1775 0.372 0.1625 0.372 0.14375 0.365 0.1325 0.352 0.1125 0.358 0.07875 0.358 0.06875 0.355 0.0475 0.355 0.02875 0.35 0.01375 0.337 0.01 0.327 0.01125 0.315 0.01875 0.303 0.02875 0.296 0.04125 0.292 0.085 0.292 0.0925 0.295 0.11625 0.295 0.13125 0.301 0.13125 0.281 0.14125 0.267 0.1575 0.259 0.18 0.259
0 0.4025 0.333 0.41375 0.341 0.42375 0.341 0.435 0.338 0.46125 0.338 0.49 0.302 0.48375 0.295 0.465 0.284 0.45625 0.276 0.43625 0.267 0.43375 0.267 0.42 0.28 0.38875 0.3 0.38875 0.318 0.40125 0.333
0 0.22625 0.414 0.24125 0.42 0.25125 0.43 0.255 0.439 0.255 0.45 0.2475 0.464 0.23625 0.472 0.2225 0.476 0.20375 0.475 0.19 0.469 0.1775 0.454 0.17625 0.44 0.1825 0.427 0.19375 0.418 0.21 0.413 0.225 0.414
0 0.115 0.494 0.1275 0.499 0.13625 0.506 0.1425 0.517 0.1425 0.522 0.15 0.529 0.155 0.54 0.15375 0.555 0.14625 0.566 0.1375 0.572 0.12125 0.577 0.09375 0.577 0.075 0.571 0.06375 0.563 0.05625 0.549 0.0575 0.527 0.07125 0.504 0.09 0.494 0.11375 0.494
0 0.45 0.587 0.47625 0.599 0.5025 0.623 0.5075 0.631 0.50875 0.65 0.505 0.658 0.4925 0.669 0.47875 0.674 0.46125 0.674 0.44875 0.67 0.42375 0.649 0.40375 0.649 0.39 0.645 0.375 0.634 0.37 0.626 0.36875 0.609 0.37125 0.603 0.3775 0.595 0.38625 0.589 0.40375 0.584 0.44875 0.587
0 0.6525 0.618 0.66375 0.625 0.67125 0.635 0.6775 0.657 0.6775 0.677 0.70125 0.677 0.7325 0.634 0.74 0.629 0.7575 0.624 0.77625 0.626 0.795 0.638 0.80125 0.651 0.80125 0.66 0.7975 0.67 0.76875 0.71 0.76625 0.723 0.7525 0.748 0.7525 0.758 0.75 0.759 0.74 0.756 0.7175 0.756 0.68875 0.765 0.66125 0.769 0.65375 0.772 0.64125 0.782 0.635 0.796 0.61875 0.778 0.6125 0.76 0.6075 0.73 0.59625 0.72 0.58125 0.699 0.57625 0.683 0.57625 0.658 0.585 0.64 0.60875 0.619 0.62125 0.615 0.6425 0.615 0.65125 0.618
0 0.29125 0.626 0.30125 0.63 0.3125 0.64 0.31625 0.648 0.3175 0.659 0.315 0.667 0.3075 0.677 0.29625 0.684 0.28625 0.687 0.27 0.687 0.255 0.682 0.245 0.674 0.24 0.666 0.23875 0.649 0.24625 0.636 0.25625 0.629 0.27375 0.624 0.29 0.626
0 0.20875 0.627 0.22375 0.637 0.22875 0.644 0.23125 0.66 0.2275 0.67 0.22 0.678 0.21125 0.693 0.205 0.708 0.20375 0.718 0.195 0.732 0.19 0.749 0.17875 0.77 0.17625 0.782 0.165 0.805 0.15125 0.819 0.145 0.829 0.1375 0.835 0.11875 0.841 0.105 0.841 0.09 0.837 0.0775 0.828 0.0725 0.821 0.06875 0.805 0.07 0.759 0.075 0.751 0.085 0.743 0.095 0.739 0.10875 0.737 0.11875 0.714 0.12875 0.699 0.12875 0.692 0.13875 0.674 0.14 0.666 0.1625 0.634 0.17 0.629 0.1875 0.624 0.19625 0.624 0.2075 0.627
0 0.37625 0.655 0.38875 0.659 0.39875 0.666 0.40625 0.678 0.4075 0.689 0.4 0.705 0.385 0.715 0.37125 0.718 0.35375 0.716 0.3375 0.707 0.32875 0.693 0.32875 0.679 0.335 0.668 0.34875 0.658 0.35875 0.655 0.375 0.655
0 0.52 0.733 0.53375 0.737 0.55 0.749 0.56375 0.755 0.58 0.772 0.60125 0.83 0.60125 0.841 0.595 0.854 0.58375 0.863 0.57375 0.867 0.5575 0.868 0.53625 0.882 0.50375 0.892 0.4725 0.89 0.45625 0.884 0.44625 0.877 0.43875 0.866 0.42875 0.838 0.42625 0.827 0.42625 0.803 0.43125 0.787 0.445 0.767 0.455 0.756 0.475 0.74 0.4975 0.733 0.51875 0.733