0 0.3525 0.269 0.37125 0.275 0.38375 0.287 0.3875 0.304 0.3825 0.315 0.39125 0.321 0.39625 0.328 0.39875 0.334 0.39875 0.359 0.41625 0.374 0.41875 0.38 0.41875 0.394 0.40375 0.421 0.39375 0.43 0.385 0.434 0.30625 0.454 0.285 0.453 0.2725 0.448 0.2625 0.44 0.25625 0.427 0.26 0.406 0.255 0.398 0.255 0.381 0.26125 0.37 0.2875 0.352 0.2675 0.349 0.25125 0.339 0.24375 0.353 0.23125 0.362 0.21625 0.366 0.20125 0.365 0.185 0.358 0.17625 0.349 0.1725 0.34 0.1725 0.328 0.18 0.315 0.1875 0.309 0.19875 0.304 0.22 0.303 0.23625 0.309 0.24375 0.316 0.25 0.303 0.2625 0.293 0.27375 0.289 0.28625 0.288 0.2975 0.29 0.3075 0.295 0.31375 0.284 0.3225 0.276 0.3375 0.27 0.35125 0.269
0 0.51375 0.307 0.5275 0.313 0.535 0.32 0.54125 0.333 0.54125 0.342 0.53125 0.359 0.52375 0.364 0.5075 0.369 0.49 0.368 0.47125 0.358 0.46375 0.347 0.4625 0.332 0.47 0.318 0.48125 0.31 0.495 0.306 0.5125 0.307
0 0.6675 0.312 0.685 0.317 0.695 0.324 0.7025 0.336 0.70375 0.358 0.70875 0.361 0.73125 0.367 0.76125 0.367 0.77625 0.361 0.79375 0.36 0.815 0.367 0.82625 0.379 0.83875 0.409 0.83875 0.415 0.8475 0.43 0.8675 0.429 0.87625 0.431 0.88875 0.437 0.89875 0.449 0.90125 0.456 0.9 0.47 0.8925 0.481 0.8775 0.49 0.87625 0.499 0.86875 0.511 0.85125 0.521 0.82375 0.528 0.82125 0.53 0.82 0.542 0.8125 0.553 0.8 0.561 0.78875 0.564 0.76625 0.562 0.75 0.552 0.7425 0.538 0.7425 0.527 0.75125 0.512 0.735 0.507 0.725 0.5 0.72 0.494 0.715 0.481 0.69625 0.474 0.6725 0.46 0.6525 0.442 0.5825 0.407 0.57375 0.4 0.56625 0.39 0.56 0.374 0.56 0.363 0.56625 0.349 0.57375 0.342 0.61 0.322 0.62875 0.319 0.6475 0.313 0.66625 0.312
0 0.18625 0.416 0.19625 0.42 0.20875 0.431 0.2125 0.439 0.2125 0.454 0.2075 0.463 0.19875 0.471 0.1775 0.478 0.16375 0.477 0.14875 0.471 0.13625 0.457 0.13375 0.445 0.14 0.429 0.15125 0.42 0.165 0.415 0.185 0.416
0 0.46 0.432 0.47 0.434 0.48375 0.441 0.495 0.458 0.495 0.469 0.4875 0.483 0.47625 0.491 0.46375 0.495 0.4475 0.495 0.43125 0.489 0.42125 0.48 0.41625 0.468 0.4175 0.455 0.42375 0.445 0.44125 0.434 0.45875 0.432
0 0.21125 0.48 0.23 0.485 0.26 0.502 0.2825 0.532 0.29125 0.551 0.29125 0.583 0.28375 0.602 0.26125 0.624 0.2375 0.633 0.21375 0.633 0.19625 0.627 0.185 0.618 0.18 0.61 0.17625 0.6 0.17625 0.585 0.155 0.574 0.1375 0.561 0.12875 0.546 0.12875 0.532 0.14 0.515 0.14875 0.508 0.1675 0.5 0.18625 0.484 0.195 0.481 0.21 0.48
0 0.5825 0.483 0.5925 0.488 0.59875 0.494 0.605 0.506 0.605 0.518 0.5975 0.531 0.58625 0.539 0.57375 0.543 0.5575 0.543 0.54125 0.537 0.53 0.526 0.52625 0.516 0.52625 0.507 0.53375 0.493 0.54625 0.484 0.56125 0.48 0.57 0.48 0.58125 0.483
0 0.48875 0.542 0.5 0.546 0.51 0.554 0.51625 0.564 0.5175 0.576 0.515 0.584 0.50625 0.595 0.485 0.604 0.4625 0.602 0.44625 0.592 0.43875 0.579 0.43875 0.566 0.44625 0.553 0.4575 0.545 0.4725 0.541 0.4875 0.542
0 0.66375 0.552 0.68125 0.557 0.69 0.563 0.69625 0.571 0.7 0.586 0.70625 0.58 0.72 0.574 0.7375 0.573 0.75875 0.581 0.765 0.587 0.77125 0.6 0.77 0.614 0.7575 0.629 0.73875 0.636 0.725 0.636 0.71875 0.634 0.70875 0.649 0.69875 0.655 0.68875 0.658 0.66625 0.657 0.64875 0.647 0.64 0.63 0.64375 0.613 0.63375 0.608 0.62625 0.601 0.62 0.587 0.62125 0.576 0.6275 0.565 0.6425 0.555 0.6625 0.552
0 0.8575 0.586 0.87 0.59 0.8825 0.599 0.88875 0.611 0.88875 0.624 0.88375 0.634 0.875 0.642 0.855 0.649 0.83875 0.648 0.82625 0.643 0.81375 0.631 0.81 0.615 0.8125 0.606 0.8225 0.594 0.8375 0.587 0.85625 0.586
0 0.08875 0.6 0.1 0.605 0.1075 0.611 0.115 0.625 0.12875 0.612 0.14375 0.607 0.165 0.608 0.1825 0.618 0.19125 0.634 0.18875 0.65 0.175 0.664 0.155 0.67 0.14125 0.669 0.13 0.665 0.11875 0.656 0.1125 0.644 0.09875 0.656 0.09 0.66 0.07875 0.662 0.05875 0.659 0.0425 0.648 0.03625 0.635 0.03625 0.625 0.04375 0.611 0.05125 0.605 0.0625 0.6 0.0875 0.6
0 0.86125 0.652 0.87125 0.655 0.88375 0.664 0.89125 0.678 0.89125 0.688 0.88625 0.699 0.875 0.709 0.86125 0.714 0.8425 0.714 0.82875 0.709 0.8175 0.699 0.8125 0.688 0.8125 0.677 0.815 0.671 0.81875 0.665 0.82875 0.657 0.8425 0.652 0.86 0.652
0 0.7275 0.668 0.7675 0.676 0.7875 0.686 0.795 0.692 0.80375 0.705 0.805 0.724 0.80125 0.732 0.8125 0.747 0.8125 0.762 0.80375 0.776 0.795 0.782 0.7825 0.786 0.765 0.786 0.7325 0.777 0.73 0.764 0.7175 0.751 0.7125 0.741 0.70875 0.738 0.69625 0.738 0.68125 0.732 0.67125 0.723 0.665 0.706 0.6525 0.709 0.65625 0.694 0.67875 0.673 0.7 0.667 0.72625 0.668
0 0.63875 0.707 0.655 0.718 0.66125 0.731 0.66125 0.74 0.6525 0.756 0.6425 0.763 0.6275 0.768 0.63875 0.785 0.6225 0.795 0.615 0.81 0.60125 0.81 0.58875 0.806 0.57875 0.799 0.5725 0.79 0.57 0.776 0.57375 0.767 0.57 0.758 0.57 0.736 0.57375 0.725 0.58875 0.712 0.6175 0.704 0.62625 0.704 0.6375 0.707