0 0.49875 0.211 0.51 0.215 0.53625 0.236 0.55875 0.278 0.55875 0.338 0.55625 0.346 0.55625 0.365 0.5475 0.378 0.53 0.387 0.52625 0.395 0.515 0.405 0.50125 0.41 0.4725 0.411 0.45125 0.407 0.43875 0.407 0.41 0.396 0.395 0.394 0.3575 0.401 0.28125 0.404 0.25875 0.415 0.23375 0.422 0.21125 0.42 0.1925 0.408 0.18625 0.395 0.18625 0.374 0.18875 0.367 0.19625 0.358 0.20125 0.337 0.20875 0.319 0.22375 0.304 0.235 0.299 0.23375 0.29 0.23625 0.28 0.25375 0.261 0.27625 0.23 0.2875 0.221 0.30375 0.215 0.33375 0.215 0.34625 0.219 0.35625 0.226 0.36875 0.224 0.425 0.225 0.4375 0.213 0.455 0.206 0.4725 0.205 0.4975 0.211
0 0.09375 0.307 0.10875 0.314 0.115 0.32 0.12125 0.333 0.12125 0.342 0.11125 0.359 0.10375 0.364 0.0875 0.369 0.07 0.368 0.05125 0.358 0.04375 0.347 0.0425 0.332 0.05 0.318 0.06125 0.31 0.075 0.306 0.0925 0.307
0 0.65875 0.415 0.6775 0.428 0.7075 0.434 0.73125 0.447 0.74125 0.458 0.75 0.474 0.7525 0.511 0.77875 0.512 0.77 0.503 0.76 0.483 0.76 0.466 0.76875 0.446 0.79125 0.431 0.815 0.423 0.82375 0.421 0.87375 0.421 0.8825 0.423 0.915 0.442 0.92125 0.449 0.925 0.458 0.925 0.473 0.92125 0.48 0.925 0.488 0.92375 0.525 0.91875 0.533 0.90875 0.541 0.89125 0.547 0.89 0.566 0.87875 0.581 0.87875 0.586 0.8875 0.602 0.89375 0.624 0.8925 0.639 0.8825 0.654 0.8725 0.66 0.86125 0.663 0.83875 0.662 0.8275 0.657 0.81375 0.646 0.80625 0.636 0.77625 0.65 0.755 0.665 0.7375 0.67 0.72375 0.669 0.6975 0.701 0.68625 0.708 0.67625 0.711 0.66 0.711 0.645 0.706 0.635 0.698 0.62875 0.686 0.62875 0.668 0.63125 0.662 0.65 0.644 0.66375 0.619 0.63875 0.597 0.62125 0.568 0.61875 0.502 0.6 0.452 0.6025 0.432 0.615 0.418 0.63 0.412 0.64875 0.412 0.6575 0.415
0 0.16125 0.419 0.17375 0.424 0.18125 0.43 0.1875 0.439 0.18875 0.456 0.18375 0.466 0.175 0.474 0.16125 0.48 0.12875 0.483 0.1175 0.482 0.11375 0.499 0.105 0.515 0.09125 0.526 0.08125 0.538 0.06125 0.545 0.0475 0.545 0.03375 0.541 0.02125 0.532 0.015 0.521 0.01375 0.512 0.0175 0.5 0.02375 0.491 0.035 0.482 0.02375 0.471 0.01875 0.461 0.01875 0.447 0.0225 0.439 0.035 0.428 0.045 0.424 0.0625 0.421 0.12625 0.42 0.1325 0.418 0.16 0.419
0 0.54875 0.421 0.56375 0.425 0.57625 0.434 0.5825 0.445 0.58375 0.453 0.57625 0.471 0.56625 0.479 0.55125 0.484 0.53625 0.484 0.52125 0.479 0.51125 0.471 0.505 0.46 0.505 0.445 0.51125 0.434 0.52875 0.423 0.5475 0.421
0 0.46375 0.432 0.485 0.439 0.49375 0.447 0.49875 0.457 0.49875 0.47 0.4925 0.482 0.4825 0.49 0.4675 0.495 0.45125 0.495 0.43875 0.491 0.42625 0.481 0.42 0.467 0.42125 0.456 0.4275 0.445 0.4425 0.435 0.4625 0.432
0 0.4225 0.502 0.43875 0.509 0.44625 0.517 0.47 0.521 0.485 0.53 0.49375 0.542 0.495 0.561 0.48875 0.573 0.47875 0.581 0.46375 0.588 0.4475 0.593 0.43375 0.593 0.42375 0.597 0.4075 0.597 0.4025 0.599 0.365 0.599 0.335 0.591 0.32375 0.585 0.3125 0.582 0.30375 0.576 0.29625 0.566 0.29375 0.556 0.295 0.546 0.30125 0.535 0.31125 0.527 0.32125 0.523 0.3475 0.522 0.37 0.527 0.37875 0.514 0.39 0.506 0.40625 0.501 0.42125 0.502
0 0.54875 0.504 0.56 0.509 0.57 0.518 0.575 0.529 0.575 0.54 0.56375 0.557 0.55 0.564 0.54 0.566 0.52125 0.564 0.50375 0.553 0.4975 0.543 0.49625 0.53 0.50375 0.515 0.515 0.507 0.5275 0.503 0.5475 0.504
0 0.5575 0.579 0.575 0.583 0.59375 0.599 0.60875 0.604 0.6175 0.611 0.6275 0.632 0.6275 0.641 0.6225 0.655 0.61875 0.661 0.60875 0.669 0.56375 0.692 0.54 0.694 0.5225 0.69 0.51375 0.696 0.50875 0.7 0.50625 0.711 0.51125 0.722 0.50875 0.738 0.495 0.752 0.475 0.758 0.46 0.757 0.44625 0.752 0.4375 0.745 0.4275 0.73 0.42375 0.71 0.42875 0.696 0.41875 0.687 0.415 0.679 0.41375 0.67 0.41625 0.659 0.425 0.644 0.43875 0.631 0.445 0.621 0.465 0.606 0.485 0.602 0.5025 0.591 0.525 0.587 0.5425 0.58 0.55625 0.579
0 0.1675 0.586 0.18375 0.592 0.19375 0.601 0.19875 0.611 0.19875 0.624 0.19375 0.634 0.185 0.642 0.165 0.649 0.14875 0.648 0.13625 0.643 0.1225 0.629 0.12 0.614 0.1225 0.606 0.1325 0.594 0.1475 0.587 0.16625 0.586
0 0.36125 0.61 0.37125 0.614 0.38375 0.626 0.3875 0.643 0.38125 0.657 0.36375 0.672 0.3475 0.679 0.3325 0.691 0.3125 0.698 0.29125 0.698 0.2725 0.706 0.2325 0.705 0.2125 0.698 0.2 0.686 0.19625 0.676 0.19625 0.667 0.2025 0.654 0.21375 0.645 0.225 0.641 0.245 0.641 0.25875 0.636 0.29125 0.634 0.3075 0.623 0.33375 0.61 0.34375 0.608 0.36 0.61
0 0.61375 0.706 0.62625 0.71 0.6375 0.718 0.645 0.732 0.645 0.743 0.64125 0.752 0.6325 0.761 0.61125 0.769 0.595 0.768 0.58375 0.764 0.5725 0.755 0.56875 0.749 0.56625 0.733 0.57 0.723 0.585 0.71 0.59875 0.706 0.6125 0.706