0 0.525 0.063 0.53625 0.066 0.5475 0.073 0.555 0.083 0.5575 0.097 0.55 0.113 0.5375 0.122 0.5225 0.126 0.5125 0.126 0.5 0.123 0.48625 0.114 0.47875 0.101 0.47875 0.088 0.485 0.076 0.49375 0.069 0.51 0.063 0.52375 0.063
0 0.57875 0.157 0.5975 0.163 0.62125 0.185 0.63125 0.198 0.63625 0.202 0.6575 0.211 0.675 0.225 0.68125 0.234 0.68375 0.244 0.68125 0.257 0.675 0.266 0.6675 0.272 0.64875 0.278 0.6275 0.276 0.62625 0.29 0.605 0.324 0.60125 0.344 0.60125 0.352 0.61375 0.367 0.61875 0.377 0.61875 0.39 0.6125 0.402 0.6025 0.41 0.58875 0.415 0.57125 0.415 0.55375 0.408 0.52875 0.38 0.5225 0.367 0.5225 0.332 0.52875 0.307 0.54 0.284 0.54875 0.272 0.54875 0.268 0.53 0.251 0.52 0.236 0.51875 0.211 0.52125 0.198 0.52875 0.183 0.55 0.163 0.5625 0.158 0.5775 0.157
0 0.49125 0.278 0.49875 0.281 0.50875 0.289 0.515 0.301 0.51375 0.317 0.50875 0.325 0.5 0.332 0.51125 0.341 0.5175 0.355 0.51375 0.372 0.505 0.381 0.51875 0.389 0.52875 0.404 0.52875 0.418 0.51875 0.433 0.50375 0.441 0.49125 0.443 0.47625 0.441 0.45875 0.431 0.45125 0.419 0.45125 0.401 0.44125 0.404 0.42625 0.404 0.41125 0.399 0.40125 0.391 0.395 0.38 0.395 0.365 0.40125 0.354 0.41 0.347 0.3975 0.342 0.39 0.336 0.3825 0.322 0.3825 0.311 0.38625 0.302 0.4 0.29 0.41625 0.285 0.4275 0.285 0.4425 0.29 0.45125 0.282 0.46625 0.276 0.485 0.276 0.49 0.278
0 0.715 0.285 0.735 0.292 0.74375 0.3 0.74875 0.31 0.74875 0.323 0.7425 0.335 0.73 0.344 0.7175 0.348 0.7025 0.348 0.6875 0.343 0.67625 0.334 0.67 0.32 0.67125 0.309 0.6775 0.298 0.695 0.287 0.71375 0.285
0 0.94125 0.357 0.96125 0.364 0.96875 0.37 0.97625 0.382 0.97625 0.407 0.96375 0.427 0.9675 0.436 0.965 0.451 0.95375 0.464 0.91625 0.488 0.9025 0.492 0.88875 0.492 0.87875 0.489 0.855 0.511 0.83875 0.52 0.82 0.536 0.825 0.546 0.825 0.554 0.83625 0.562 0.8425 0.573 0.84375 0.582 0.84 0.594 0.81375 0.617 0.81125 0.625 0.79875 0.641 0.77625 0.655 0.76 0.66 0.73625 0.659 0.7175 0.651 0.70625 0.638 0.705 0.623 0.7025 0.621 0.68 0.617 0.65375 0.606 0.64125 0.596 0.63125 0.581 0.63125 0.545 0.63625 0.533 0.6525 0.511 0.6575 0.497 0.665 0.489 0.67125 0.476 0.68375 0.466 0.695 0.462 0.73 0.462 0.74125 0.45 0.72 0.444 0.70625 0.432 0.7025 0.423 0.705 0.405 0.71 0.398 0.72125 0.39 0.735 0.386 0.74875 0.386 0.76 0.389 0.7725 0.397 0.78 0.408 0.7825 0.422 0.8125 0.405 0.83 0.4 0.84375 0.4 0.86125 0.405 0.87 0.411 0.8775 0.422 0.88375 0.409 0.875 0.396 0.875 0.381 0.8825 0.369 0.89 0.363 0.9025 0.358 0.94 0.357
0 0.12625 0.382 0.1375 0.386 0.17 0.405 0.19625 0.428 0.20125 0.438 0.21125 0.448 0.2275 0.448 0.235 0.45 0.28125 0.45 0.29625 0.455 0.30625 0.463 0.3125 0.474 0.31125 0.494 0.30375 0.504 0.295 0.51 0.27375 0.515 0.26375 0.513 0.19 0.511 0.1625 0.501 0.15 0.491 0.12875 0.463 0.105 0.445 0.085 0.433 0.07625 0.417 0.07625 0.408 0.0825 0.395 0.08875 0.389 0.10125 0.383 0.11 0.381 0.125 0.382
0 0.0625 0.447 0.07625 0.452 0.09 0.462 0.10375 0.479 0.1225 0.49 0.13 0.501 0.13125 0.514 0.12375 0.529 0.11125 0.538 0.095 0.542 0.08 0.541 0.05375 0.531 0.0425 0.522 0.03125 0.506 0.02375 0.501 0.01625 0.491 0.01375 0.481 0.015 0.471 0.02375 0.457 0.0375 0.449 0.045 0.447 0.06125 0.447
0 0.60375 0.47 0.6125 0.474 0.62125 0.482 0.62625 0.491 0.6275 0.502 0.61875 0.519 0.60875 0.526 0.5975 0.53 0.57875 0.53 0.56 0.522 0.5525 0.514 0.54875 0.506 0.54875 0.492 0.55875 0.477 0.56875 0.471 0.57875 0.468 0.5975 0.468 0.6025 0.47
0 0.38875 0.488 0.4 0.493 0.4075 0.499 0.415 0.513 0.41375 0.527 0.42375 0.531 0.43625 0.544 0.43875 0.55 0.43875 0.582 0.42625 0.604 0.41375 0.616 0.39375 0.629 0.37875 0.633 0.3525 0.633 0.3225 0.626 0.29875 0.611 0.285 0.608 0.26 0.598 0.23125 0.583 0.2125 0.568 0.205 0.555 0.20375 0.546 0.20625 0.536 0.2125 0.527 0.23 0.517 0.2425 0.515 0.2575 0.517 0.27 0.523 0.27875 0.531 0.2925 0.537 0.3175 0.514 0.355 0.491 0.3675 0.487 0.3875 0.488
0 0.18125 0.61 0.19125 0.614 0.2 0.621 0.20875 0.641 0.215 0.639 0.2325 0.639 0.2425 0.642 0.2525 0.648 0.2625 0.663 0.26125 0.681 0.24875 0.695 0.23375 0.701 0.22 0.702 0.20625 0.714 0.19125 0.719 0.17625 0.719 0.165 0.716 0.15125 0.706 0.145 0.695 0.14375 0.687 0.14625 0.677 0.1525 0.669 0.145 0.666 0.135 0.658 0.12875 0.647 0.12875 0.633 0.13125 0.627 0.1425 0.615 0.16375 0.608 0.18 0.61
0 0.46125 0.612 0.475 0.617 0.48375 0.624 0.48875 0.631 0.4925 0.643 0.50375 0.639 0.5225 0.639 0.54 0.646 0.55 0.657 0.555 0.669 0.5525 0.719 0.5575 0.731 0.57875 0.764 0.58375 0.777 0.585 0.812 0.57875 0.824 0.5625 0.837 0.54875 0.842 0.4925 0.841 0.47 0.83 0.45875 0.821 0.4525 0.827 0.44125 0.849 0.43125 0.858 0.41875 0.879 0.40875 0.886 0.39625 0.89 0.37875 0.89 0.37125 0.888 0.3525 0.874 0.34875 0.866 0.35 0.828 0.3375 0.827 0.32875 0.833 0.3175 0.837 0.305 0.838 0.29375 0.836 0.28125 0.83 0.2725 0.821 0.26875 0.813 0.26875 0.799 0.2725 0.791 0.28375 0.781 0.27875 0.771 0.28 0.754 0.28625 0.745 0.3025 0.735 0.32375 0.733 0.34 0.738 0.3525 0.749 0.3575 0.765 0.37375 0.773 0.40125 0.749 0.4125 0.744 0.41625 0.74 0.415 0.739 0.3975 0.74 0.38875 0.738 0.38 0.734 0.3675 0.722 0.36375 0.709 0.365 0.701 0.37125 0.69 0.38375 0.681 0.3975 0.677 0.41 0.677 0.4275 0.683 0.43625 0.69 0.44125 0.698 0.4425 0.719 0.46 0.707 0.475 0.701 0.475 0.681 0.4725 0.671 0.46125 0.674 0.4425 0.674 0.435 0.672 0.41875 0.661 0.4125 0.649 0.41375 0.633 0.41875 0.625 0.42875 0.617 0.4425 0.612 0.46 0.612
0 0.66375 0.629 0.67875 0.634 0.69625 0.645 0.7075 0.654 0.72625 0.679 0.7425 0.69 0.75875 0.696 0.77 0.704 0.7775 0.72 0.77625 0.731 0.77125 0.739 0.7825 0.748 0.79125 0.761 0.80125 0.789 0.80125 0.809 0.79875 0.816 0.785 0.836 0.78 0.848 0.77 0.859 0.76125 0.865 0.75 0.869 0.7175 0.871 0.63125 0.87 0.61375 0.864 0.60125 0.855 0.5925 0.843 0.58875 0.833 0.58875 0.771 0.57875 0.744 0.575 0.717 0.5725 0.713 0.5725 0.702 0.565 0.69 0.56625 0.672 0.57875 0.658 0.6 0.65 0.605 0.639 0.6175 0.63 0.63 0.626 0.65375 0.626 0.6625 0.629