0 0.5325 0.054 0.54875 0.064 0.5525 0.077 0.56125 0.083 0.5875 0.121 0.5975 0.132 0.61125 0.16 0.6125 0.175 0.62 0.189 0.62 0.219 0.6175 0.225 0.605 0.236 0.5875 0.242 0.5725 0.276 0.565 0.282 0.55 0.286 0.5325 0.282 0.52125 0.27 0.52125 0.255 0.51375 0.249 0.51 0.241 0.51125 0.213 0.50125 0.202 0.49625 0.19 0.49875 0.155 0.49625 0.149 0.4975 0.121 0.4925 0.097 0.49375 0.074 0.49875 0.064 0.50625 0.058 0.51625 0.054 0.53125 0.054
0 0.32 0.112 0.33 0.115 0.345 0.124 0.355 0.136 0.36875 0.179 0.36875 0.221 0.3625 0.246 0.3575 0.253 0.345 0.26 0.32875 0.26 0.32 0.27 0.30625 0.275 0.29 0.275 0.2825 0.273 0.24625 0.257 0.2225 0.241 0.20625 0.224 0.1925 0.219 0.18875 0.224 0.19 0.252 0.185 0.264 0.1775 0.27 0.165 0.274 0.155 0.274 0.1425 0.27 0.125 0.255 0.11375 0.231 0.11375 0.183 0.1175 0.176 0.13125 0.167 0.155 0.167 0.1525 0.161 0.15375 0.145 0.1575 0.139 0.17125 0.13 0.195 0.128 0.20875 0.131 0.2225 0.139 0.23125 0.14 0.2425 0.145 0.26375 0.159 0.26625 0.136 0.2725 0.127 0.28125 0.12 0.29625 0.113 0.31875 0.112
0 0.4475 0.131 0.4725 0.153 0.4775 0.161 0.48125 0.172 0.4825 0.192 0.4825 0.258 0.47625 0.269 0.47625 0.289 0.46625 0.302 0.45 0.308 0.4425 0.308 0.43 0.304 0.42 0.295 0.41 0.276 0.4075 0.258 0.41375 0.248 0.40875 0.233 0.40875 0.205 0.4 0.171 0.4 0.15 0.40625 0.138 0.4225 0.129 0.435 0.128 0.44625 0.131
0 0.22375 0.27 0.23375 0.275 0.245 0.285 0.2525 0.288 0.2725 0.29 0.2825 0.293 0.29125 0.299 0.29625 0.308 0.295 0.322 0.285 0.333 0.27375 0.337 0.2575 0.336 0.25 0.346 0.23625 0.353 0.22 0.353 0.20625 0.346 0.2 0.336 0.195 0.313 0.1875 0.306 0.185 0.3 0.185 0.287 0.19 0.278 0.19625 0.273 0.2075 0.269 0.2225 0.27
0 0.3825 0.305 0.39375 0.308 0.40375 0.316 0.42375 0.349 0.43125 0.368 0.43625 0.352 0.445 0.345 0.45375 0.342 0.46875 0.342 0.475 0.344 0.48375 0.35 0.48875 0.357 0.48875 0.368 0.49125 0.373 0.49125 0.387 0.48875 0.392 0.49 0.403 0.505 0.449 0.51125 0.487 0.52125 0.524 0.53625 0.544 0.54 0.554 0.53875 0.562 0.5325 0.571 0.5175 0.578 0.4875 0.577 0.4675 0.571 0.45375 0.561 0.4475 0.552 0.4325 0.508 0.42625 0.497 0.415 0.499 0.4 0.495 0.385 0.484 0.3725 0.47 0.3525 0.476 0.335 0.476 0.3225 0.473 0.30125 0.464 0.28875 0.454 0.27875 0.44 0.2775 0.427 0.27125 0.409 0.2625 0.402 0.25625 0.389 0.25625 0.377 0.26375 0.361 0.27125 0.355 0.2825 0.351 0.3025 0.353 0.33125 0.337 0.34125 0.326 0.3475 0.315 0.355 0.309 0.3675 0.305 0.38125 0.305
0 0.72625 0.34 0.73875 0.348 0.7425 0.355 0.7425 0.373 0.7375 0.386 0.74125 0.393 0.7525 0.404 0.75875 0.417 0.7725 0.436 0.7825 0.464 0.7825 0.483 0.77875 0.49 0.7725 0.496 0.75875 0.501 0.73875 0.501 0.70875 0.494 0.69 0.483 0.66875 0.474 0.65625 0.464 0.6525 0.457 0.6525 0.418 0.66625 0.398 0.67875 0.388 0.68 0.368 0.6875 0.352 0.6975 0.342 0.705 0.339 0.72 0.338 0.725 0.34
0 0.58625 0.353 0.6175 0.357 0.62625 0.36 0.635 0.367 0.6425 0.383 0.64 0.411 0.63375 0.433 0.62125 0.45 0.6125 0.457 0.6025 0.46 0.58625 0.459 0.57875 0.456 0.57 0.448 0.5575 0.425 0.55125 0.4 0.53875 0.377 0.54 0.368 0.54375 0.362 0.555 0.354 0.5625 0.352 0.585 0.353
0 0.4225 0.398 0.43125 0.405 0.4325 0.404 0.43 0.382 0.42375 0.391 0.4175 0.395 0.42125 0.398
0 0.21875 0.406 0.25625 0.434 0.275 0.453 0.28625 0.473 0.28625 0.487 0.27875 0.502 0.27375 0.506 0.25125 0.513 0.22375 0.511 0.195 0.5 0.18125 0.488 0.1725 0.467 0.16875 0.455 0.16875 0.445 0.17375 0.436 0.17125 0.423 0.175 0.414 0.1825 0.407 0.1925 0.403 0.2025 0.402 0.2175 0.406
0 0.62625 0.481 0.63625 0.484 0.65375 0.5 0.65625 0.508 0.65625 0.528 0.65 0.542 0.66875 0.556 0.67625 0.56 0.7075 0.549 0.7225 0.54 0.74375 0.538 0.7575 0.542 0.7675 0.551 0.77125 0.56 0.77125 0.593 0.76625 0.618 0.7575 0.626 0.745 0.63 0.7275 0.63 0.71125 0.624 0.705 0.625 0.7 0.629 0.6925 0.639 0.68875 0.652 0.68125 0.664 0.68125 0.678 0.6775 0.689 0.67875 0.714 0.67625 0.72 0.66625 0.729 0.65375 0.733 0.635 0.73 0.6225 0.718 0.615 0.692 0.615 0.673 0.60125 0.639 0.6 0.624 0.59625 0.617 0.58625 0.607 0.58125 0.596 0.5825 0.586 0.59 0.576 0.595 0.573 0.5875 0.567 0.58375 0.56 0.58375 0.536 0.59375 0.524 0.5875 0.517 0.58625 0.501 0.5925 0.491 0.6025 0.484 0.61125 0.481 0.625 0.481
0 0.16125 0.512 0.175 0.513 0.19125 0.521 0.21125 0.546 0.23 0.563 0.24125 0.589 0.24 0.601 0.23625 0.607 0.215 0.621 0.18125 0.633 0.16 0.633 0.14875 0.631 0.1225 0.612 0.11625 0.627 0.10875 0.633 0.09625 0.637 0.0875 0.637 0.0775 0.634 0.06375 0.623 0.04625 0.573 0.04375 0.553 0.03875 0.545 0.03875 0.535 0.04375 0.526 0.0575 0.518 0.07625 0.518 0.08375 0.515 0.1025 0.515 0.125 0.526 0.15125 0.513 0.16 0.513
0 0.28875 0.554 0.29875 0.558 0.3075 0.567 0.315 0.587 0.3175 0.603 0.3325 0.628 0.3325 0.641 0.32625 0.651 0.31625 0.658 0.29875 0.662 0.27375 0.672 0.25 0.677 0.2225 0.677 0.20875 0.673 0.19625 0.66 0.195 0.646 0.2 0.637 0.20875 0.63 0.23125 0.624 0.24125 0.607 0.2475 0.583 0.25625 0.564 0.2725 0.554 0.2875 0.554
0 0.42375 0.574 0.44625 0.586 0.47125 0.591 0.49875 0.589 0.5075 0.592 0.51625 0.599 0.52 0.606 0.52 0.628 0.51125 0.643 0.51125 0.65 0.5075 0.657 0.4975 0.665 0.48625 0.669 0.4525 0.669 0.45 0.683 0.445 0.69 0.43375 0.699 0.42625 0.712 0.41375 0.722 0.39875 0.728 0.37875 0.726 0.36625 0.716 0.36375 0.71 0.36375 0.698 0.37 0.687 0.37875 0.68 0.38 0.672 0.355 0.647 0.3525 0.638 0.34125 0.623 0.33875 0.603 0.35 0.588 0.36875 0.575 0.3825 0.571 0.41375 0.571 0.4225 0.574
0 0.2375 0.703 0.25 0.706 0.26 0.714 0.26375 0.721 0.26375 0.744 0.275 0.739 0.2825 0.738 0.29375 0.74 0.30625 0.748 0.31125 0.758 0.30875 0.774 0.30375 0.781 0.29375 0.81 0.2775 0.834 0.27 0.84 0.25875 0.844 0.19875 0.844 0.17625 0.836 0.165 0.823 0.165 0.806 0.16875 0.795 0.18875 0.765 0.2025 0.756 0.2025 0.742 0.20875 0.717 0.22125 0.706 0.23625 0.703
0 0.59125 0.77 0.6075 0.775 0.61875 0.786 0.62375 0.796 0.63125 0.833 0.63875 0.849 0.63875 0.876 0.63625 0.885 0.62 0.905 0.6025 0.913 0.585 0.913 0.56875 0.905 0.55875 0.889 0.5525 0.853 0.535 0.844 0.52875 0.833 0.52875 0.821 0.5325 0.81 0.5575 0.779 0.57125 0.771 0.59 0.77
0 0.3175 0.832 0.3275 0.837 0.33375 0.844 0.33625 0.857 0.33125 0.867 0.32 0.875 0.31125 0.877 0.2975 0.876 0.285 0.869 0.27875 0.859 0.27875 0.849 0.28375 0.84 0.29 0.835 0.30125 0.831 0.31625 0.832