0 0.57875 0.036 0.5925 0.041 0.605 0.052 0.60875 0.06 0.60625 0.09 0.62375 0.088 0.63875 0.091 0.65625 0.104 0.66125 0.115 0.66125 0.139 0.64 0.174 0.61125 0.205 0.605 0.216 0.58875 0.228 0.5875 0.239 0.5825 0.247 0.5725 0.255 0.5575 0.26 0.5375 0.259 0.52375 0.253 0.5125 0.243 0.505 0.232 0.48375 0.214 0.45125 0.173 0.44875 0.158 0.4425 0.146 0.4425 0.124 0.4475 0.113 0.45625 0.105 0.4825 0.093 0.48625 0.063 0.49125 0.055 0.5025 0.046 0.52375 0.039 0.5775 0.036
0 0.7225 0.144 0.74125 0.149 0.7625 0.161 0.78 0.166 0.79125 0.174 0.79875 0.187 0.79875 0.202 0.79375 0.211 0.8025 0.22 0.815 0.244 0.815 0.295 0.81125 0.305 0.8 0.322 0.80625 0.327 0.8175 0.343 0.8175 0.364 0.81125 0.373 0.79625 0.385 0.775 0.395 0.7625 0.398 0.7275 0.398 0.7175 0.396 0.69875 0.388 0.675 0.37 0.665 0.358 0.65875 0.343 0.65125 0.334 0.63625 0.295 0.63625 0.259 0.63875 0.254 0.63875 0.241 0.645 0.226 0.65 0.22 0.6525 0.208 0.6625 0.192 0.675 0.181 0.6775 0.17 0.6875 0.155 0.70375 0.146 0.72125 0.144
0 0.40875 0.244 0.4225 0.249 0.435 0.259 0.44 0.266 0.4625 0.273 0.485 0.291 0.49625 0.312 0.515 0.339 0.5225 0.357 0.5225 0.366 0.53 0.377 0.53125 0.393 0.5275 0.404 0.51375 0.422 0.49625 0.433 0.47625 0.438 0.42 0.436 0.37625 0.427 0.36875 0.423 0.3425 0.4 0.32875 0.375 0.32625 0.366 0.32625 0.328 0.35875 0.265 0.3625 0.259 0.37875 0.247 0.38875 0.244 0.4075 0.244
0 0.59125 0.287 0.60625 0.292 0.61875 0.303 0.62375 0.312 0.62875 0.338 0.635 0.349 0.635 0.354 0.665 0.392 0.67125 0.405 0.67125 0.422 0.6625 0.439 0.65 0.448 0.6375 0.452 0.61625 0.452 0.60125 0.447 0.58125 0.431 0.57625 0.422 0.5575 0.404 0.54875 0.387 0.54875 0.334 0.545 0.327 0.545 0.311 0.55125 0.3 0.56125 0.292 0.57625 0.287 0.59 0.287
0 0.31125 0.384 0.32625 0.391 0.35375 0.414 0.36 0.423 0.38125 0.438 0.38875 0.451 0.38875 0.464 0.38125 0.477 0.37 0.485 0.355 0.489 0.34375 0.489 0.33375 0.486 0.3325 0.508 0.3275 0.518 0.30375 0.541 0.28 0.551 0.26125 0.551 0.24875 0.547 0.23875 0.54 0.2325 0.531 0.22625 0.504 0.22125 0.496 0.22 0.48 0.21625 0.47 0.21625 0.437 0.2225 0.416 0.235 0.402 0.26375 0.386 0.275 0.382 0.29875 0.381 0.31 0.384
0 0.83875 0.398 0.85125 0.403 0.86 0.41 0.8675 0.425 0.8675 0.434 0.85875 0.459 0.85875 0.466 0.8525 0.477 0.8625 0.488 0.865 0.506 0.8575 0.52 0.84625 0.528 0.8325 0.532 0.7725 0.532 0.7525 0.526 0.7275 0.512 0.7175 0.501 0.7125 0.49 0.7125 0.471 0.71625 0.462 0.73 0.449 0.755 0.439 0.7825 0.433 0.79 0.416 0.8025 0.404 0.81625 0.398 0.8375 0.398
0 0.63875 0.471 0.64875 0.477 0.65875 0.492 0.65875 0.506 0.6525 0.516 0.6675 0.518 0.68125 0.524 0.69375 0.539 0.69375 0.565 0.675 0.589 0.69 0.604 0.69375 0.617 0.6925 0.625 0.6825 0.652 0.67375 0.666 0.65625 0.684 0.62875 0.696 0.59875 0.698 0.5925 0.7 0.5425 0.698 0.52 0.692 0.5 0.683 0.4775 0.665 0.46875 0.653 0.4625 0.637 0.4625 0.613 0.46625 0.592 0.47625 0.57 0.505 0.528 0.5125 0.521 0.52875 0.489 0.53875 0.481 0.56125 0.475 0.575 0.477 0.58625 0.482 0.595 0.474 0.61 0.468 0.62875 0.468 0.6375 0.471
0 0.7675 0.554 0.78 0.558 0.7925 0.567 0.7975 0.576 0.81375 0.585 0.8225 0.599 0.8225 0.614 0.815 0.626 0.805 0.633 0.7875 0.638 0.77375 0.637 0.75875 0.631 0.7525 0.626 0.74625 0.616 0.7275 0.604 0.72125 0.593 0.72125 0.577 0.73125 0.563 0.7475 0.555 0.76625 0.554
0 0.80375 0.668 0.815 0.672 0.825 0.679 0.83125 0.688 0.83375 0.7 0.83125 0.71 0.81875 0.724 0.82875 0.739 0.82875 0.752 0.82625 0.758 0.815 0.77 0.795 0.777 0.77875 0.776 0.76625 0.771 0.75375 0.759 0.75 0.743 0.75625 0.728 0.765 0.721 0.755 0.706 0.755 0.692 0.76 0.682 0.76875 0.674 0.78 0.669 0.7925 0.667 0.8025 0.668
0 0.70875 0.824 0.72375 0.828 0.73625 0.837 0.74375 0.855 0.7425 0.863 0.73625 0.874 0.72625 0.882 0.71125 0.887 0.69625 0.887 0.68125 0.882 0.67125 0.874 0.665 0.863 0.665 0.848 0.6725 0.836 0.68625 0.827 0.7075 0.824
0 0.57875 0.84 0.59375 0.844 0.605 0.852 0.61125 0.861 0.61375 0.871 0.6125 0.879 0.60625 0.89 0.59625 0.898 0.58125 0.903 0.56625 0.903 0.55125 0.898 0.54125 0.89 0.535 0.879 0.535 0.864 0.5425 0.852 0.55625 0.843 0.5775 0.84